1998.0 0.0
2000.0 2.295e-06
2002.0 3.389e-06
2004.0 4.486e-06
2006.0 5.456e-06
2008.0 6.191e-06
2010.0 6.624e-06
2012.0 6.737e-06
2014.0 6.553e-06
2016.0 6.127e-06
2018.0 5.524e-06
2020.0 4.814e-06
2022.0 4.06e-06
2024.0 3.319e-06
2026.0 2.633e-06
2028.0 2.033e-06
2030.0 1.534e-06
2032.0 1.134e-06
2034.0 8.22e-07
2036.0 5.85e-07
2038.0 4.12e-07
2040.0 2.99e-07
2042.0 2.47e-07
2044.0 2.6e-07
2046.0 3.44e-07
2048.0 4.97e-07
2050.0 7.09e-07
2052.0 9.64e-07
2054.0 1.235e-06
2056.0 1.491e-06
2058.0 1.701e-06
2060.0 1.841e-06
2062.0 1.897e-06
2064.0 1.87e-06
2066.0 1.774e-06
2068.0 1.635e-06
2070.0 1.479e-06
2072.0 1.329e-06
2074.0 1.199e-06
2076.0 1.089e-06
2078.0 9.9e-07
2080.0 8.89e-07
2082.0 7.78e-07
2084.0 6.59e-07
2086.0 5.49e-07
2088.0 4.77e-07
2090.0 4.77e-07
2092.0 5.78e-07
2094.0 7.88e-07
2096.0 1.089e-06
2098.0 1.432e-06
2100.0 1.754e-06
2102.0 1.989e-06
2104.0 2.086e-06
2106.0 2.026e-06
2108.0 1.827e-06
2110.0 1.533e-06
2112.0 1.203e-06
2114.0 8.96e-07
2116.0 6.52e-07
2118.0 4.91e-07
2120.0 4.11e-07
2122.0 3.98e-07
2124.0 4.25e-07
2126.0 4.68e-07
2128.0 5.05e-07
2130.0 5.22e-07
2132.0 5.16e-07
2134.0 4.97e-07
2136.0 4.86e-07
2138.0 5.14e-07
2140.0 6.11e-07
2142.0 7.95e-07
2144.0 1.063e-06
2146.0 1.381e-06
2148.0 1.693e-06
2150.0 1.932e-06
2152.0 2.041e-06
2154.0 1.991e-06
2156.0 1.793e-06
2158.0 1.494e-06
2160.0 1.16e-06
2162.0 8.6e-07
2164.0 6.41e-07
2166.0 5.22e-07
2168.0 4.86e-07
2170.0 5e-07
2172.0 5.24e-07
2174.0 5.28e-07
2176.0 5.06e-07
2178.0 4.73e-07
2180.0 4.62e-07
2182.0 5.15e-07
2184.0 6.66e-07
2186.0 9.32e-07
2188.0 1.297e-06
2190.0 1.718e-06
2192.0 2.127e-06
2194.0 2.446e-06
2196.0 2.614e-06
2198.0 2.598e-06
2200.0 2.406e-06
2202.0 2.084e-06
2204.0 1.704e-06
2206.0 1.338e-06
2208.0 1.043e-06
2210.0 8.43e-07
2212.0 7.34e-07
2214.0 6.89e-07
2216.0 6.76e-07
2218.0 6.69e-07
2220.0 6.55e-07
2222.0 6.31e-07
2224.0 6.01e-07
2226.0 5.68e-07
2228.0 5.33e-07
2230.0 4.91e-07
2232.0 4.42e-07
2234.0 3.83e-07
2236.0 3.21e-07
2238.0 2.65e-07
2240.0 2.29e-07
2242.0 2.25e-07
2244.0 2.67e-07
2246.0 3.61e-07
2248.0 5.06e-07
2250.0 6.88e-07
2252.0 8.82e-07
2254.0 1.055e-06
2256.0 1.169e-06
2258.0 1.2e-06
2260.0 1.138e-06
2262.0 9.94e-07
2264.0 7.99e-07
2266.0 5.93e-07
2268.0 4.12e-07
2270.0 2.82e-07
2272.0 2.12e-07
2274.0 1.95e-07
2276.0 2.16e-07
2278.0 2.54e-07
2280.0 2.96e-07
2282.0 3.3e-07
2284.0 3.53e-07
2286.0 3.65e-07
2288.0 3.68e-07
2290.0 3.7e-07
2292.0 3.78e-07
2294.0 4.02e-07
2296.0 4.51e-07
2298.0 5.31e-07
2300.0 6.41e-07
2302.0 7.73e-07
2304.0 9.11e-07
2306.0 1.033e-06
2308.0 1.116e-06
2310.0 1.141e-06
2312.0 1.1e-06
2314.0 9.96e-07
2316.0 8.47e-07
2318.0 6.81e-07
2320.0 5.31e-07
2322.0 4.26e-07
2324.0 3.84e-07
2326.0 4.06e-07
2328.0 4.78e-07
2330.0 5.71e-07
2332.0 6.55e-07
2334.0 7.05e-07
2336.0 7.09e-07
2338.0 6.69e-07
2340.0 5.99e-07
2342.0 5.18e-07
2344.0 4.43e-07
2346.0 3.84e-07
2348.0 3.43e-07
2350.0 3.17e-07
2352.0 2.99e-07
2354.0 2.88e-07
2356.0 2.86e-07
2358.0 2.98e-07
2360.0 3.3e-07
2362.0 3.8e-07
2364.0 4.43e-07
2366.0 5.07e-07
2368.0 5.56e-07
2370.0 5.78e-07
2372.0 5.69e-07
2374.0 5.31e-07
2376.0 4.74e-07
2378.0 4.11e-07
2380.0 3.57e-07
2382.0 3.24e-07
2384.0 3.18e-07
2386.0 3.42e-07
2388.0 3.93e-07
2390.0 4.7e-07
2392.0 5.67e-07
2394.0 6.78e-07
2396.0 8.01e-07
2398.0 9.28e-07
2400.0 1.056e-06
2402.0 1.178e-06
2404.0 1.287e-06
2406.0 1.369e-06
2408.0 1.412e-06
2410.0 1.408e-06
2412.0 1.352e-06
2414.0 1.249e-06
2416.0 1.113e-06
2418.0 9.69e-07
2420.0 8.44e-07
2422.0 7.64e-07
2424.0 7.5e-07
2426.0 8.09e-07
2428.0 9.31e-07
2430.0 1.094e-06
2432.0 1.262e-06
2434.0 1.396e-06
2436.0 1.461e-06
2438.0 1.439e-06
2440.0 1.331e-06
2442.0 1.156e-06
2444.0 9.49e-07
2446.0 7.46e-07
2448.0 5.77e-07
2450.0 4.61e-07
2452.0 4e-07
2454.0 3.85e-07
2456.0 4.01e-07
2458.0 4.29e-07
2460.0 4.55e-07
2462.0 4.69e-07
2464.0 4.65e-07
2466.0 4.44e-07
2468.0 4.11e-07
2470.0 3.75e-07
2472.0 3.46e-07
2474.0 3.33e-07
2476.0 3.43e-07
2478.0 3.73e-07
2480.0 4.18e-07
2482.0 4.69e-07
2484.0 5.18e-07
2486.0 5.57e-07
2488.0 5.84e-07
2490.0 6.01e-07
2492.0 6.11e-07
2494.0 6.2e-07
2496.0 6.34e-07
2498.0 6.6e-07
2500.0 7.05e-07
2502.0 7.74e-07
2504.0 8.66e-07
2506.0 9.76e-07
2508.0 1.09e-06
2510.0 1.193e-06
2512.0 1.267e-06
2514.0 1.301e-06
2516.0 1.296e-06
2518.0 1.261e-06
2520.0 1.214e-06
2522.0 1.173e-06
2524.0 1.148e-06
2526.0 1.138e-06
2528.0 1.135e-06
2530.0 1.123e-06
2532.0 1.092e-06
2534.0 1.037e-06
2536.0 9.66e-07
2538.0 8.94e-07
2540.0 8.4e-07
2542.0 8.16e-07
2544.0 8.26e-07
2546.0 8.63e-07
2548.0 9.13e-07
2550.0 9.6e-07
2552.0 9.89e-07
2554.0 9.93e-07
2556.0 9.74e-07
2558.0 9.39e-07
2560.0 8.99e-07
2562.0 8.67e-07
2564.0 8.52e-07
2566.0 8.59e-07
2568.0 8.9e-07
2570.0 9.4e-07
2572.0 1e-06
2574.0 1.059e-06
2576.0 1.107e-06
2578.0 1.132e-06
2580.0 1.129e-06
2582.0 1.094e-06
2584.0 1.032e-06
2586.0 9.52e-07
2588.0 8.69e-07
2590.0 8.01e-07
2592.0 7.65e-07
2594.0 7.68e-07
2596.0 8.09e-07
2598.0 8.74e-07
2600.0 9.4e-07
2602.0 9.83e-07
2604.0 9.86e-07
2606.0 9.45e-07
2608.0 8.69e-07
2610.0 7.8e-07
2612.0 7e-07
2614.0 6.49e-07
2616.0 6.39e-07
2618.0 6.7e-07
2620.0 7.36e-07
2622.0 8.31e-07
2624.0 9.44e-07
2626.0 1.07e-06
2628.0 1.202e-06
2630.0 1.337e-06
2632.0 1.477e-06
2634.0 1.627e-06
2636.0 1.791e-06
2638.0 1.973e-06
2640.0 2.163e-06
2642.0 2.338e-06
2644.0 2.46e-06
2646.0 2.493e-06
2648.0 2.408e-06
2650.0 2.201e-06
2652.0 1.895e-06
2654.0 1.537e-06
2656.0 1.185e-06
2658.0 8.86e-07
2660.0 6.73e-07
2662.0 5.53e-07
2664.0 5.13e-07
2666.0 5.32e-07
2668.0 5.88e-07
2670.0 6.68e-07
2672.0 7.71e-07
2674.0 8.97e-07
2676.0 1.045e-06
2678.0 1.209e-06
2680.0 1.37e-06
2682.0 1.502e-06
2684.0 1.579e-06
2686.0 1.586e-06
2688.0 1.522e-06
2690.0 1.401e-06
2692.0 1.247e-06
2694.0 1.089e-06
2696.0 9.48e-07
2698.0 8.38e-07
2700.0 7.64e-07
2702.0 7.26e-07
2704.0 7.22e-07
2706.0 7.49e-07
2708.0 8.02e-07
2710.0 8.72e-07
2712.0 9.48e-07
2714.0 1.012e-06
2716.0 1.054e-06
2718.0 1.064e-06
2720.0 1.041e-06
2722.0 9.91e-07
2724.0 9.32e-07
2726.0 8.85e-07
2728.0 8.76e-07
2730.0 9.26e-07
2732.0 1.049e-06
2734.0 1.244e-06
2736.0 1.492e-06
2738.0 1.76e-06
2740.0 2.003e-06
2742.0 2.174e-06
2744.0 2.236e-06
2746.0 2.168e-06
2748.0 1.974e-06
2750.0 1.681e-06
2752.0 1.335e-06
2754.0 9.95e-07
2756.0 7.23e-07
2758.0 5.74e-07
2760.0 5.83e-07
2762.0 7.56e-07
2764.0 1.068e-06
2766.0 1.462e-06
2768.0 1.864e-06
2770.0 2.201e-06
2772.0 2.414e-06
2774.0 2.477e-06
2776.0 2.395e-06
2778.0 2.201e-06
2780.0 1.949e-06
2782.0 1.694e-06
2784.0 1.484e-06
2786.0 1.352e-06
2788.0 1.311e-06
2790.0 1.358e-06
2792.0 1.47e-06
2794.0 1.617e-06
2796.0 1.764e-06
2798.0 1.879e-06
2800.0 1.937e-06
2802.0 1.931e-06
2804.0 1.861e-06
2806.0 1.743e-06
2808.0 1.595e-06
2810.0 1.441e-06
2812.0 1.302e-06
2814.0 1.195e-06
2816.0 1.124e-06
2818.0 1.088e-06
2820.0 1.074e-06
2822.0 1.068e-06
2824.0 1.056e-06
2826.0 1.033e-06
2828.0 1.003e-06
2830.0 9.76e-07
2832.0 9.6e-07
2834.0 9.61e-07
2836.0 9.73e-07
2838.0 9.84e-07
2840.0 9.8e-07
2842.0 9.54e-07
2844.0 9.13e-07
2846.0 8.8e-07
2848.0 8.87e-07
2850.0 9.66e-07
2852.0 1.136e-06
2854.0 1.395e-06
2856.0 1.72e-06
2858.0 2.065e-06
2860.0 2.379e-06
2862.0 2.614e-06
2864.0 2.736e-06
2866.0 2.73e-06
2868.0 2.61e-06
2870.0 2.409e-06
2872.0 2.172e-06
2874.0 1.948e-06
2876.0 1.777e-06
2878.0 1.677e-06
2880.0 1.643e-06
2882.0 1.65e-06
2884.0 1.662e-06
2886.0 1.655e-06
2888.0 1.619e-06
2890.0 1.568e-06
2892.0 1.53e-06
2894.0 1.531e-06
2896.0 1.586e-06
2898.0 1.689e-06
2900.0 1.816e-06
2902.0 1.936e-06
2904.0 2.021e-06
2906.0 2.055e-06
2908.0 2.039e-06
2910.0 1.979e-06
2912.0 1.888e-06
2914.0 1.778e-06
2916.0 1.66e-06
2918.0 1.553e-06
2920.0 1.486e-06
2922.0 1.495e-06
2924.0 1.614e-06
2926.0 1.855e-06
2928.0 2.197e-06
2930.0 2.582e-06
2932.0 2.935e-06
2934.0 3.181e-06
2936.0 3.28e-06
2938.0 3.237e-06
2940.0 3.105e-06
2942.0 2.961e-06
2944.0 2.879e-06
2946.0 2.897e-06
2948.0 3.006e-06
2950.0 3.157e-06
2952.0 3.276e-06
2954.0 3.301e-06
2956.0 3.193e-06
2958.0 2.956e-06
2960.0 2.628e-06
2962.0 2.27e-06
2964.0 1.944e-06
2966.0 1.703e-06
2968.0 1.578e-06
2970.0 1.571e-06
2972.0 1.668e-06
2974.0 1.836e-06
2976.0 2.039e-06
2978.0 2.237e-06
2980.0 2.396e-06
2982.0 2.49e-06
2984.0 2.504e-06
2986.0 2.439e-06
2988.0 2.308e-06
2990.0 2.14e-06
2992.0 1.97e-06
2994.0 1.829e-06
2996.0 1.739e-06
2998.0 1.706e-06
3000.0 1.715e-06
3002.0 1.738e-06
3004.0 1.745e-06
3006.0 1.711e-06
3008.0 1.628e-06
3010.0 1.511e-06
3012.0 1.389e-06
3014.0 1.305e-06
3016.0 1.298e-06
3018.0 1.393e-06
3020.0 1.592e-06
3022.0 1.873e-06
3024.0 2.193e-06
3026.0 2.503e-06
3028.0 2.766e-06
3030.0 2.967e-06
3032.0 3.118e-06
3034.0 3.251e-06
3036.0 3.399e-06
3038.0 3.574e-06
3040.0 3.759e-06
3042.0 3.91e-06
3044.0 3.972e-06
3046.0 3.913e-06
3048.0 3.738e-06
3050.0 3.5e-06
3052.0 3.286e-06
3054.0 3.178e-06
3056.0 3.223e-06
3058.0 3.419e-06
3060.0 3.707e-06
3062.0 4.001e-06
3064.0 4.22e-06
3066.0 4.32e-06
3068.0 4.308e-06
3070.0 4.231e-06
3072.0 4.146e-06
3074.0 4.093e-06
3076.0 4.067e-06
3078.0 4.023e-06
3080.0 3.897e-06
3082.0 3.64e-06
3084.0 3.258e-06
3086.0 2.818e-06
3088.0 2.432e-06
3090.0 2.22e-06
3092.0 2.256e-06
3094.0 2.54e-06
3096.0 2.989e-06
3098.0 3.465e-06
3100.0 3.827e-06
3102.0 3.976e-06
3104.0 3.893e-06
3106.0 3.628e-06
3108.0 3.277e-06
3110.0 2.939e-06
3112.0 2.677e-06
3114.0 2.513e-06
3116.0 2.423e-06
3118.0 2.367e-06
3120.0 2.315e-06
3122.0 2.257e-06
3124.0 2.206e-06
3126.0 2.183e-06
3128.0 2.198e-06
3130.0 2.24e-06
3132.0 2.284e-06
3134.0 2.296e-06
3136.0 2.254e-06
3138.0 2.157e-06
3140.0 2.036e-06
3142.0 1.942e-06
3144.0 1.933e-06
3146.0 2.051e-06
3148.0 2.295e-06
3150.0 2.629e-06
3152.0 2.985e-06
3154.0 3.285e-06
3156.0 3.475e-06
3158.0 3.538e-06
3160.0 3.502e-06
3162.0 3.424e-06
3164.0 3.368e-06
3166.0 3.374e-06
3168.0 3.449e-06
3170.0 3.563e-06
3172.0 3.661e-06
3174.0 3.693e-06
3176.0 3.626e-06
3178.0 3.456e-06
3180.0 3.209e-06
3182.0 2.937e-06
3184.0 2.699e-06
3186.0 2.549e-06
3188.0 2.518e-06
3190.0 2.612e-06
3192.0 2.811e-06
3194.0 3.07e-06
3196.0 3.342e-06
3198.0 3.585e-06
3200.0 3.771e-06
3202.0 3.892e-06
3204.0 3.943e-06
3206.0 3.925e-06
3208.0 3.841e-06
3210.0 3.695e-06
3212.0 3.504e-06
3214.0 3.303e-06
3216.0 3.146e-06
3218.0 3.094e-06
3220.0 3.201e-06
3222.0 3.497e-06
3224.0 3.968e-06
3226.0 4.557e-06
3228.0 5.178e-06
3230.0 5.73e-06
3232.0 6.13e-06
3234.0 6.322e-06
3236.0 6.291e-06
3238.0 6.06e-06
3240.0 5.671e-06
3242.0 5.179e-06
3244.0 4.644e-06
3246.0 4.131e-06
3248.0 3.716e-06
3250.0 3.479e-06
3252.0 3.498e-06
3254.0 3.827e-06
3256.0 4.472e-06
3258.0 5.38e-06
3260.0 6.445e-06
3262.0 7.52e-06
3264.0 8.459e-06
3266.0 9.144e-06
3268.0 9.497e-06
3270.0 9.489e-06
3272.0 9.13e-06
3274.0 8.457e-06
3276.0 7.531e-06
3278.0 6.428e-06
3280.0 5.236e-06
3282.0 4.051e-06
3284.0 2.967e-06
3286.0 2.062e-06
3288.0 1.39e-06
3290.0 9.75e-07
3292.0 8.13e-07
3294.0 8.77e-07
3296.0 1.133e-06
3298.0 1.539e-06
3300.0 2.05e-06
3302.0 2.618e-06
3304.0 3.184e-06
3306.0 3.686e-06
3308.0 4.063e-06
3310.0 4.278e-06
3312.0 4.338e-06
3314.0 4.312e-06
3316.0 4.33e-06
3318.0 4.562e-06
3320.0 5.165e-06
3322.0 6.227e-06
3324.0 7.704e-06
3326.0 9.402e-06
3328.0 1.1006e-05
3330.0 1.2155e-05
3332.0 1.2556e-05
3334.0 1.2078e-05
3336.0 1.0807e-05
3338.0 9.025e-06
3340.0 7.125e-06
3342.0 5.499e-06
3344.0 4.431e-06
3346.0 4.034e-06
3348.0 4.256e-06
3350.0 4.928e-06
3352.0 5.83e-06
3354.0 6.76e-06
3356.0 7.563e-06
3358.0 8.135e-06
3360.0 8.419e-06
3362.0 8.393e-06
3364.0 8.077e-06
3366.0 7.532e-06
3368.0 6.859e-06
3370.0 6.18e-06
3372.0 5.61e-06
3374.0 5.226e-06
3376.0 5.047e-06
3378.0 5.037e-06
3380.0 5.117e-06
3382.0 5.197e-06
3384.0 5.207e-06
3386.0 5.11e-06
3388.0 4.905e-06
3390.0 4.631e-06
3392.0 4.356e-06
3394.0 4.169e-06
3396.0 4.163e-06
3398.0 4.426e-06
3400.0 5.006e-06
3402.0 5.896e-06
3404.0 7.018e-06
3406.0 8.229e-06
3408.0 9.348e-06
3410.0 1.0192e-05
3412.0 1.0619e-05
3414.0 1.0547e-05
3416.0 9.975e-06
3418.0 8.975e-06
3420.0 7.671e-06
3422.0 6.226e-06
3424.0 4.821e-06
3426.0 3.637e-06
3428.0 2.834e-06
3430.0 2.536e-06
3432.0 2.809e-06
3434.0 3.641e-06
3436.0 4.931e-06
3438.0 6.51e-06
3440.0 8.17e-06
3442.0 9.722e-06
3444.0 1.1036e-05
3446.0 1.208e-05
3448.0 1.2906e-05
3450.0 1.3621e-05
3452.0 1.4329e-05
3454.0 1.5084e-05
3456.0 1.5863e-05
3458.0 1.6576e-05
3460.0 1.7092e-05
3462.0 1.7283e-05
3464.0 1.7067e-05
3466.0 1.6419e-05
3468.0 1.5385e-05
3470.0 1.4068e-05
3472.0 1.2617e-05
3474.0 1.1189e-05
3476.0 9.928e-06
3478.0 8.925e-06
3480.0 8.195e-06
3482.0 7.675e-06
3484.0 7.238e-06
3486.0 6.749e-06
3488.0 6.112e-06
3490.0 5.302e-06
3492.0 4.376e-06
3494.0 3.444e-06
3496.0 2.631e-06
3498.0 2.033e-06
3500.0 1.691e-06
3502.0 1.591e-06
3504.0 1.677e-06
3506.0 1.879e-06
3508.0 2.128e-06
3510.0 2.371e-06
3512.0 2.569e-06
3514.0 2.695e-06
3516.0 2.732e-06
3518.0 2.672e-06
3520.0 2.522e-06
3522.0 2.3e-06
3524.0 2.039e-06
3526.0 1.778e-06
3528.0 1.558e-06
3530.0 1.412e-06
3532.0 1.36e-06
3534.0 1.408e-06
3536.0 1.549e-06
3538.0 1.759e-06
3540.0 2.011e-06
3542.0 2.271e-06
3544.0 2.51e-06
3546.0 2.706e-06
3548.0 2.841e-06
3550.0 2.913e-06
3552.0 2.925e-06
3554.0 2.887e-06
3556.0 2.814e-06
3558.0 2.721e-06
3560.0 2.622e-06
3562.0 2.531e-06
3564.0 2.463e-06
3566.0 2.429e-06
3568.0 2.433e-06
3570.0 2.472e-06
3572.0 2.534e-06
3574.0 2.6e-06
3576.0 2.649e-06
3578.0 2.666e-06
3580.0 2.645e-06
3582.0 2.592e-06
3584.0 2.515e-06
3586.0 2.422e-06
3588.0 2.314e-06
3590.0 2.189e-06
3592.0 2.036e-06
3594.0 1.852e-06
3596.0 1.641e-06
3598.0 1.417e-06
3600.0 1.209e-06
3602.0 1.049e-06
3604.0 9.67e-07
3606.0 9.78e-07
3608.0 1.082e-06
3610.0 1.254e-06
3612.0 1.452e-06
3614.0 1.623e-06
3616.0 1.723e-06
3618.0 1.727e-06
3620.0 1.635e-06
3622.0 1.478e-06
3624.0 1.305e-06
3626.0 1.168e-06
3628.0 1.109e-06
3630.0 1.144e-06
3632.0 1.261e-06
3634.0 1.424e-06
3636.0 1.585e-06
3638.0 1.702e-06
3640.0 1.748e-06
3642.0 1.722e-06
3644.0 1.642e-06
3646.0 1.541e-06
3648.0 1.451e-06
3650.0 1.394e-06
3652.0 1.371e-06
3654.0 1.369e-06
3656.0 1.368e-06
3658.0 1.352e-06
3660.0 1.318e-06
3662.0 1.279e-06
3664.0 1.253e-06
3666.0 1.256e-06
3668.0 1.29e-06
3670.0 1.341e-06
3672.0 1.384e-06
3674.0 1.402e-06
3676.0 1.389e-06
3678.0 1.356e-06
3680.0 1.329e-06
3682.0 1.331e-06
3684.0 1.376e-06
3686.0 1.455e-06
3688.0 1.546e-06
3690.0 1.614e-06
3692.0 1.633e-06
3694.0 1.591e-06
3696.0 1.494e-06
3698.0 1.364e-06
3700.0 1.232e-06
3702.0 1.124e-06
3704.0 1.059e-06
3706.0 1.041e-06
3708.0 1.059e-06
3710.0 1.096e-06
3712.0 1.131e-06
3714.0 1.147e-06
3716.0 1.134e-06
3718.0 1.091e-06
3720.0 1.023e-06
3722.0 9.42e-07
3724.0 8.62e-07
3726.0 8.03e-07
3728.0 7.82e-07
3730.0 8.13e-07
3732.0 8.98e-07
3734.0 1.026e-06
3736.0 1.172e-06
3738.0 1.307e-06
3740.0 1.403e-06
3742.0 1.448e-06
3744.0 1.447e-06
3746.0 1.422e-06
3748.0 1.397e-06
3750.0 1.391e-06
3752.0 1.405e-06
3754.0 1.422e-06
3756.0 1.416e-06
3758.0 1.365e-06
3760.0 1.269e-06
3762.0 1.147e-06
3764.0 1.042e-06
3766.0 9.96e-07
3768.0 1.039e-06
3770.0 1.17e-06
3772.0 1.357e-06
3774.0 1.547e-06
3776.0 1.687e-06
3778.0 1.741e-06
3780.0 1.708e-06
3782.0 1.619e-06
3784.0 1.522e-06
3786.0 1.469e-06
3788.0 1.49e-06
3790.0 1.587e-06
3792.0 1.735e-06
3794.0 1.893e-06
3796.0 2.018e-06
3798.0 2.077e-06
3800.0 2.056e-06
3802.0 1.959e-06
3804.0 1.802e-06
3806.0 1.612e-06
3808.0 1.413e-06
3810.0 1.233e-06
3812.0 1.089e-06
3814.0 9.94e-07
3816.0 9.5e-07
3818.0 9.48e-07
3820.0 9.72e-07
3822.0 1e-06
3824.0 1.013e-06
3826.0 9.97e-07
3828.0 9.5e-07
3830.0 8.84e-07
3832.0 8.23e-07
3834.0 7.96e-07
3836.0 8.29e-07
3838.0 9.36e-07
3840.0 1.111e-06
3842.0 1.329e-06
3844.0 1.552e-06
3846.0 1.733e-06
3848.0 1.839e-06
3850.0 1.854e-06
3852.0 1.788e-06
3854.0 1.672e-06
3856.0 1.548e-06
3858.0 1.453e-06
3860.0 1.412e-06
3862.0 1.43e-06
3864.0 1.492e-06
3866.0 1.571e-06
3868.0 1.639e-06
3870.0 1.674e-06
3872.0 1.666e-06
3874.0 1.621e-06
3876.0 1.551e-06
3878.0 1.473e-06
3880.0 1.399e-06
3882.0 1.335e-06
3884.0 1.281e-06
3886.0 1.226e-06
3888.0 1.16e-06
3890.0 1.074e-06
3892.0 9.65e-07
3894.0 8.38e-07
3896.0 7.07e-07
3898.0 5.87e-07
3900.0 4.92e-07
3902.0 4.33e-07
3904.0 4.12e-07
3906.0 4.24e-07
3908.0 4.6e-07
3910.0 5.08e-07
3912.0 5.59e-07
3914.0 6.08e-07
3916.0 6.53e-07
3918.0 6.95e-07
3920.0 7.33e-07
3922.0 7.66e-07
3924.0 7.89e-07
3926.0 7.97e-07
3928.0 7.84e-07
3930.0 7.47e-07
3932.0 6.87e-07
3934.0 6.09e-07
3936.0 5.28e-07
3938.0 4.55e-07
3940.0 4.03e-07
3942.0 3.83e-07
3944.0 3.98e-07
3946.0 4.47e-07
3948.0 5.28e-07
3950.0 6.33e-07
3952.0 7.56e-07
3954.0 8.88e-07
3956.0 1.018e-06
3958.0 1.133e-06
3960.0 1.223e-06
3962.0 1.278e-06
3964.0 1.297e-06
3966.0 1.283e-06
3968.0 1.245e-06
3970.0 1.194e-06
3972.0 1.139e-06
3974.0 1.088e-06
3976.0 1.045e-06
3978.0 1.016e-06
3980.0 1.003e-06
3982.0 1.012e-06
3984.0 1.04e-06
3986.0 1.082e-06
3988.0 1.127e-06
3990.0 1.158e-06
3992.0 1.162e-06
3994.0 1.132e-06
3996.0 1.065e-06
3998.0 9.73e-07
4000.0 8.71e-07
4002.0 7.77e-07
4004.0 7.09e-07
4006.0 6.75e-07
4008.0 6.79e-07
4010.0 7.16e-07
4012.0 7.74e-07
4014.0 8.41e-07
4016.0 9.02e-07
4018.0 9.5e-07
4020.0 9.78e-07
4022.0 9.87e-07
4024.0 9.81e-07
4026.0 9.65e-07
4028.0 9.43e-07
4030.0 9.18e-07
4032.0 8.9e-07
4034.0 8.56e-07
4036.0 8.13e-07
4038.0 7.57e-07
4040.0 6.9e-07
4042.0 6.15e-07
4044.0 5.43e-07
4046.0 4.85e-07
4048.0 4.54e-07
4050.0 4.57e-07
4052.0 4.94e-07
4054.0 5.59e-07
4056.0 6.39e-07
4058.0 7.16e-07
4060.0 7.75e-07
4062.0 8.06e-07
4064.0 8.03e-07
4066.0 7.73e-07
4068.0 7.26e-07
4070.0 6.77e-07
4072.0 6.39e-07
4074.0 6.21e-07
4076.0 6.23e-07
4078.0 6.43e-07
4080.0 6.7e-07
4082.0 6.95e-07
4084.0 7.1e-07
4086.0 7.1e-07
4088.0 6.96e-07
4090.0 6.69e-07
4092.0 6.33e-07
4094.0 5.95e-07
4096.0 5.59e-07
4098.0 5.32e-07
4100.0 5.2e-07
4102.0 5.27e-07
4104.0 5.53e-07
4106.0 5.96e-07
4108.0 6.48e-07
4110.0 7.01e-07
4112.0 7.44e-07
4114.0 7.73e-07
4116.0 7.85e-07
4118.0 7.84e-07
4120.0 7.76e-07
4122.0 7.7e-07
4124.0 7.73e-07
4126.0 7.89e-07
4128.0 8.2e-07
4130.0 8.63e-07
4132.0 9.13e-07
4134.0 9.6e-07
4136.0 9.94e-07
4138.0 1.006e-06
4140.0 9.89e-07
4142.0 9.41e-07
4144.0 8.64e-07
4146.0 7.68e-07
4148.0 6.64e-07
4150.0 5.7e-07
4152.0 5e-07
4154.0 4.66e-07
4156.0 4.74e-07
4158.0 5.24e-07
4160.0 6.07e-07
4162.0 7.07e-07
4164.0 8.06e-07
4166.0 8.84e-07
4168.0 9.28e-07
4170.0 9.31e-07
4172.0 8.98e-07
4174.0 8.4e-07
4176.0 7.73e-07
4178.0 7.13e-07
4180.0 6.69e-07
4182.0 6.44e-07
4184.0 6.35e-07
4186.0 6.35e-07
4188.0 6.36e-07
4190.0 6.33e-07
4192.0 6.24e-07
4194.0 6.13e-07
4196.0 6.05e-07
4198.0 6.04e-07
4200.0 6.13e-07
4202.0 6.26e-07
4204.0 6.35e-07
4206.0 6.33e-07
4208.0 6.11e-07
4210.0 5.7e-07
4212.0 5.16e-07
4214.0 4.59e-07
4216.0 4.14e-07
4218.0 3.93e-07
4220.0 4.05e-07
4222.0 4.51e-07
4224.0 5.24e-07
4226.0 6.09e-07
4228.0 6.89e-07
4230.0 7.44e-07
4232.0 7.61e-07
4234.0 7.38e-07
4236.0 6.83e-07
4238.0 6.14e-07
4240.0 5.52e-07
4242.0 5.19e-07
4244.0 5.25e-07
4246.0 5.73e-07
4248.0 6.49e-07
4250.0 7.39e-07
4252.0 8.23e-07
4254.0 8.87e-07
4256.0 9.27e-07
4258.0 9.45e-07
4260.0 9.52e-07
4262.0 9.56e-07
4264.0 9.65e-07
4266.0 9.76e-07
4268.0 9.83e-07
4270.0 9.74e-07
4272.0 9.41e-07
4274.0 8.8e-07
4276.0 7.96e-07
4278.0 6.99e-07
4280.0 6.05e-07
4282.0 5.3e-07
4284.0 4.85e-07
4286.0 4.75e-07
4288.0 4.98e-07
4290.0 5.46e-07
4292.0 6.04e-07
4294.0 6.57e-07
4296.0 6.91e-07
4298.0 6.97e-07
4300.0 6.76e-07
4302.0 6.32e-07
4304.0 5.76e-07
4306.0 5.22e-07
4308.0 4.8e-07
4310.0 4.54e-07
4312.0 4.47e-07
4314.0 4.56e-07
4316.0 4.78e-07
4318.0 5.09e-07
4320.0 5.46e-07
4322.0 5.84e-07
4324.0 6.18e-07
4326.0 6.38e-07
4328.0 6.41e-07
4330.0 6.22e-07
4332.0 5.85e-07
4334.0 5.4e-07
4336.0 4.97e-07
4338.0 4.68e-07
4340.0 4.6e-07
4342.0 4.76e-07
4344.0 5.11e-07
4346.0 5.6e-07
4348.0 6.15e-07
4350.0 6.68e-07
4352.0 7.13e-07
4354.0 7.43e-07
4356.0 7.56e-07
4358.0 7.51e-07
4360.0 7.3e-07
4362.0 6.96e-07
4364.0 6.55e-07
4366.0 6.11e-07
4368.0 5.67e-07
4370.0 5.24e-07
4372.0 4.81e-07
4374.0 4.35e-07
4376.0 3.89e-07
4378.0 3.46e-07
4380.0 3.13e-07
4382.0 2.97e-07
4384.0 3.05e-07
4386.0 3.36e-07
4388.0 3.87e-07
4390.0 4.48e-07
4392.0 5.07e-07
4394.0 5.57e-07
4396.0 5.93e-07
4398.0 6.17e-07
4400.0 6.33e-07
4402.0 6.44e-07
4404.0 6.53e-07
4406.0 6.6e-07
4408.0 6.63e-07
4410.0 6.62e-07
4412.0 6.57e-07
4414.0 6.5e-07
4416.0 6.42e-07
4418.0 6.29e-07
4420.0 6.1e-07
4422.0 5.79e-07
4424.0 5.35e-07
4426.0 4.8e-07
4428.0 4.2e-07
4430.0 3.65e-07
4432.0 3.27e-07
4434.0 3.13e-07
4436.0 3.3e-07
4438.0 3.75e-07
4440.0 4.42e-07
4442.0 5.19e-07
4444.0 5.91e-07
4446.0 6.42e-07
4448.0 6.63e-07
4450.0 6.48e-07
4452.0 6.02e-07
4454.0 5.32e-07
4456.0 4.52e-07
4458.0 3.74e-07
4460.0 3.07e-07
4462.0 2.57e-07
4464.0 2.25e-07
4466.0 2.09e-07
4468.0 2.08e-07
4470.0 2.2e-07
4472.0 2.41e-07
4474.0 2.71e-07
4476.0 3.05e-07
4478.0 3.38e-07
4480.0 3.64e-07
4482.0 3.79e-07
4484.0 3.81e-07
4486.0 3.72e-07
4488.0 3.59e-07
4490.0 3.47e-07
4492.0 3.43e-07
4494.0 3.5e-07
4496.0 3.66e-07
4498.0 3.86e-07
4500.0 4.07e-07
4502.0 4.23e-07
4504.0 4.33e-07
4506.0 4.39e-07
4508.0 4.43e-07
4510.0 4.48e-07
4512.0 4.55e-07
4514.0 4.65e-07
4516.0 4.77e-07
4518.0 4.88e-07
4520.0 4.98e-07
4522.0 5.06e-07
4524.0 5.13e-07
4526.0 5.2e-07
4528.0 5.29e-07
4530.0 5.42e-07
4532.0 5.56e-07
4534.0 5.7e-07
4536.0 5.77e-07
4538.0 5.74e-07
4540.0 5.57e-07
4542.0 5.26e-07
4544.0 4.81e-07
4546.0 4.28e-07
4548.0 3.73e-07
4550.0 3.21e-07
4552.0 2.76e-07
4554.0 2.41e-07
4556.0 2.14e-07
4558.0 1.95e-07
4560.0 1.82e-07
4562.0 1.76e-07
4564.0 1.8e-07
4566.0 1.99e-07
4568.0 2.37e-07
4570.0 2.94e-07
4572.0 3.65e-07
4574.0 4.39e-07
4576.0 5.05e-07
4578.0 5.52e-07
4580.0 5.73e-07
4582.0 5.68e-07
4584.0 5.44e-07
4586.0 5.08e-07
4588.0 4.73e-07
4590.0 4.46e-07
4592.0 4.32e-07
4594.0 4.31e-07
4596.0 4.4e-07
4598.0 4.54e-07
4600.0 4.68e-07
4602.0 4.78e-07
4604.0 4.81e-07
4606.0 4.77e-07
4608.0 4.68e-07
4610.0 4.55e-07
4612.0 4.42e-07
4614.0 4.31e-07
4616.0 4.25e-07
4618.0 4.27e-07
4620.0 4.36e-07
4622.0 4.54e-07
4624.0 4.8e-07
4626.0 5.09e-07
4628.0 5.38e-07
4630.0 5.59e-07
4632.0 5.7e-07
4634.0 5.68e-07
4636.0 5.56e-07
4638.0 5.37e-07
4640.0 5.17e-07
4642.0 5.03e-07
4644.0 4.96e-07
4646.0 5e-07
4648.0 5.12e-07
4650.0 5.28e-07
4652.0 5.44e-07
4654.0 5.53e-07
4656.0 5.49e-07
4658.0 5.28e-07
4660.0 4.9e-07
4662.0 4.4e-07
4664.0 3.88e-07
4666.0 3.45e-07
4668.0 3.23e-07
4670.0 3.26e-07
4672.0 3.54e-07
4674.0 3.97e-07
4676.0 4.43e-07
4678.0 4.79e-07
4680.0 4.94e-07
4682.0 4.84e-07
4684.0 4.53e-07
4686.0 4.08e-07
4688.0 3.6e-07
4690.0 3.18e-07
4692.0 2.9e-07
4694.0 2.75e-07
4696.0 2.71e-07
4698.0 2.71e-07
4700.0 2.68e-07
4702.0 2.58e-07
4704.0 2.39e-07
4706.0 2.13e-07
4708.0 1.87e-07
4710.0 1.66e-07
4712.0 1.58e-07
4714.0 1.65e-07
4716.0 1.89e-07
4718.0 2.27e-07
4720.0 2.75e-07
4722.0 3.27e-07
4724.0 3.8e-07
4726.0 4.3e-07
4728.0 4.74e-07
4730.0 5.13e-07
4732.0 5.46e-07
4734.0 5.73e-07
4736.0 5.97e-07
4738.0 6.16e-07
4740.0 6.29e-07
4742.0 6.34e-07
4744.0 6.28e-07
4746.0 6.11e-07
4748.0 5.87e-07
4750.0 5.6e-07
4752.0 5.38e-07
4754.0 5.25e-07
4756.0 5.23e-07
4758.0 5.27e-07
4760.0 5.3e-07
4762.0 5.25e-07
4764.0 5.07e-07
4766.0 4.78e-07
4768.0 4.42e-07
4770.0 4.1e-07
4772.0 3.89e-07
4774.0 3.87e-07
4776.0 4.07e-07
4778.0 4.48e-07
4780.0 5.04e-07
4782.0 5.65e-07
4784.0 6.18e-07
4786.0 6.52e-07
4788.0 6.6e-07
4790.0 6.41e-07
4792.0 5.98e-07
4794.0 5.4e-07
4796.0 4.8e-07
4798.0 4.26e-07
4800.0 3.87e-07
4802.0 3.64e-07
4804.0 3.54e-07
4806.0 3.52e-07
4808.0 3.52e-07
4810.0 3.49e-07
4812.0 3.42e-07
4814.0 3.3e-07
4816.0 3.14e-07
4818.0 2.97e-07
4820.0 2.81e-07
4822.0 2.66e-07
4824.0 2.55e-07
4826.0 2.49e-07
4828.0 2.48e-07
4830.0 2.54e-07
4832.0 2.66e-07
4834.0 2.83e-07
4836.0 3.03e-07
4838.0 3.22e-07
4840.0 3.4e-07
4842.0 3.54e-07
4844.0 3.64e-07
4846.0 3.69e-07
4848.0 3.71e-07
4850.0 3.74e-07
4852.0 3.8e-07
4854.0 3.95e-07
4856.0 4.23e-07
4858.0 4.64e-07
4860.0 5.14e-07
4862.0 5.65e-07
4864.0 6.08e-07
4866.0 6.35e-07
4868.0 6.41e-07
4870.0 6.28e-07
4872.0 5.99e-07
4874.0 5.63e-07
4876.0 5.27e-07
4878.0 4.92e-07
4880.0 4.59e-07
4882.0 4.25e-07
4884.0 3.89e-07
4886.0 3.53e-07
4888.0 3.22e-07
4890.0 3.02e-07
4892.0 3e-07
4894.0 3.17e-07
4896.0 3.5e-07
4898.0 3.91e-07
4900.0 4.28e-07
4902.0 4.52e-07
4904.0 4.6e-07
4906.0 4.54e-07
4908.0 4.41e-07
4910.0 4.32e-07
4912.0 4.35e-07
4914.0 4.54e-07
4916.0 4.85e-07
4918.0 5.21e-07
4920.0 5.49e-07
4922.0 5.61e-07
4924.0 5.49e-07
4926.0 5.14e-07
4928.0 4.64e-07
4930.0 4.09e-07
4932.0 3.61e-07
4934.0 3.29e-07
4936.0 3.2e-07
4938.0 3.35e-07
4940.0 3.69e-07
4942.0 4.15e-07
4944.0 4.65e-07
4946.0 5.11e-07
4948.0 5.44e-07
4950.0 5.59e-07
4952.0 5.53e-07
4954.0 5.26e-07
4956.0 4.81e-07
4958.0 4.23e-07
4960.0 3.58e-07
4962.0 2.95e-07
4964.0 2.42e-07
4966.0 2.05e-07
4968.0 1.86e-07
4970.0 1.89e-07
4972.0 2.12e-07
4974.0 2.53e-07
4976.0 3.09e-07
4978.0 3.74e-07
4980.0 4.41e-07
4982.0 5e-07
4984.0 5.43e-07
4986.0 5.63e-07
4988.0 5.58e-07
4990.0 5.31e-07
4992.0 4.91e-07
4994.0 4.47e-07
4996.0 4.1e-07
4998.0 3.85e-07
5000.0 3.73e-07
5002.0 3.71e-07
5004.0 3.76e-07
5006.0 3.82e-07
5008.0 3.9e-07
5010.0 4e-07
5012.0 4.13e-07
5014.0 4.28e-07
5016.0 4.45e-07
5018.0 4.6e-07
5020.0 4.67e-07
5022.0 4.66e-07
5024.0 4.55e-07
5026.0 4.38e-07
5028.0 4.22e-07
5030.0 4.13e-07
5032.0 4.15e-07
5034.0 4.31e-07
5036.0 4.56e-07
5038.0 4.84e-07
5040.0 5.05e-07
5042.0 5.11e-07
5044.0 4.99e-07
5046.0 4.69e-07
5048.0 4.27e-07
5050.0 3.79e-07
5052.0 3.34e-07
5054.0 3e-07
5056.0 2.81e-07
5058.0 2.79e-07
5060.0 2.97e-07
5062.0 3.31e-07
5064.0 3.8e-07
5066.0 4.38e-07
5068.0 4.97e-07
5070.0 5.48e-07
5072.0 5.82e-07
5074.0 5.93e-07
5076.0 5.79e-07
5078.0 5.41e-07
5080.0 4.89e-07
5082.0 4.33e-07
5084.0 3.8e-07
5086.0 3.39e-07
5088.0 3.1e-07
5090.0 2.92e-07
5092.0 2.82e-07
5094.0 2.75e-07
5096.0 2.68e-07
5098.0 2.61e-07
5100.0 2.53e-07
5102.0 2.46e-07
5104.0 2.41e-07
5106.0 2.42e-07
5108.0 2.5e-07
5110.0 2.66e-07
5112.0 2.92e-07
5114.0 3.27e-07
5116.0 3.69e-07
5118.0 4.16e-07
5120.0 4.63e-07
5122.0 5.07e-07
5124.0 5.43e-07
5126.0 5.64e-07
5128.0 5.67e-07
5130.0 5.5e-07
5132.0 5.15e-07
5134.0 4.68e-07
5136.0 4.17e-07
5138.0 3.71e-07
5140.0 3.39e-07
5142.0 3.26e-07
5144.0 3.29e-07
5146.0 3.45e-07
5148.0 3.65e-07
5150.0 3.8e-07
5152.0 3.83e-07
5154.0 3.72e-07
5156.0 3.47e-07
5158.0 3.16e-07
5160.0 2.86e-07
5162.0 2.68e-07
5164.0 2.69e-07
5166.0 2.92e-07
5168.0 3.36e-07
5170.0 3.93e-07
5172.0 4.53e-07
5174.0 5.02e-07
5176.0 5.32e-07
5178.0 5.38e-07
5180.0 5.22e-07
5182.0 4.88e-07
5184.0 4.45e-07
5186.0 4.03e-07
5188.0 3.67e-07
5190.0 3.43e-07
5192.0 3.31e-07
5194.0 3.29e-07
5196.0 3.34e-07
5198.0 3.41e-07
5200.0 3.46e-07
5202.0 3.48e-07
5204.0 3.47e-07
5206.0 3.44e-07
5208.0 3.44e-07
5210.0 3.51e-07
5212.0 3.68e-07
5214.0 3.96e-07
5216.0 4.34e-07
5218.0 4.78e-07
5220.0 5.22e-07
5222.0 5.63e-07
5224.0 5.96e-07
5226.0 6.2e-07
5228.0 6.33e-07
5230.0 6.33e-07
5232.0 6.2e-07
5234.0 5.97e-07
5236.0 5.68e-07
5238.0 5.42e-07
5240.0 5.24e-07
5242.0 5.19e-07
5244.0 5.26e-07
5246.0 5.37e-07
5248.0 5.46e-07
5250.0 5.44e-07
5252.0 5.29e-07
5254.0 5.03e-07
5256.0 4.74e-07
5258.0 4.49e-07
5260.0 4.37e-07
5262.0 4.38e-07
5264.0 4.49e-07
5266.0 4.64e-07
5268.0 4.75e-07
5270.0 4.76e-07
5272.0 4.65e-07
5274.0 4.46e-07
5276.0 4.23e-07
5278.0 4.01e-07
5280.0 3.83e-07
5282.0 3.7e-07
5284.0 3.59e-07
5286.0 3.5e-07
5288.0 3.41e-07
5290.0 3.35e-07
5292.0 3.36e-07
5294.0 3.49e-07
5296.0 3.75e-07
5298.0 4.12e-07
5300.0 4.55e-07
5302.0 4.95e-07
5304.0 5.26e-07
5306.0 5.42e-07
5308.0 5.41e-07
5310.0 5.21e-07
5312.0 4.87e-07
5314.0 4.43e-07
5316.0 3.93e-07
5318.0 3.44e-07
5320.0 3e-07
5322.0 2.65e-07
5324.0 2.43e-07
5326.0 2.35e-07
5328.0 2.4e-07
5330.0 2.58e-07
5332.0 2.86e-07
5334.0 3.23e-07
5336.0 3.67e-07
5338.0 4.16e-07
5340.0 4.65e-07
5342.0 5.12e-07
5344.0 5.51e-07
5346.0 5.81e-07
5348.0 6.01e-07
5350.0 6.12e-07
5352.0 6.18e-07
5354.0 6.21e-07
5356.0 6.23e-07
5358.0 6.23e-07
5360.0 6.17e-07
5362.0 6.01e-07
5364.0 5.73e-07
5366.0 5.34e-07
5368.0 4.86e-07
5370.0 4.36e-07
5372.0 3.91e-07
5374.0 3.58e-07
5376.0 3.43e-07
5378.0 3.48e-07
5380.0 3.72e-07
5382.0 4.13e-07
5384.0 4.64e-07
5386.0 5.17e-07
5388.0 5.61e-07
5390.0 5.88e-07
5392.0 5.92e-07
5394.0 5.71e-07
5396.0 5.26e-07
5398.0 4.63e-07
5400.0 3.91e-07
5402.0 3.22e-07
5404.0 2.69e-07
5406.0 2.4e-07
5408.0 2.43e-07
5410.0 2.77e-07
5412.0 3.35e-07
5414.0 4.02e-07
5416.0 4.62e-07
5418.0 5.04e-07
5420.0 5.19e-07
5422.0 5.09e-07
5424.0 4.83e-07
5426.0 4.52e-07
5428.0 4.28e-07
5430.0 4.18e-07
5432.0 4.25e-07
5434.0 4.45e-07
5436.0 4.73e-07
5438.0 5.02e-07
5440.0 5.29e-07
5442.0 5.49e-07
5444.0 5.63e-07
5446.0 5.71e-07
5448.0 5.74e-07
5450.0 5.73e-07
5452.0 5.68e-07
5454.0 5.57e-07
5456.0 5.39e-07
5458.0 5.13e-07
5460.0 4.78e-07
5462.0 4.36e-07
5464.0 3.92e-07
5466.0 3.5e-07
5468.0 3.18e-07
5470.0 3e-07
5472.0 2.98e-07
5474.0 3.12e-07
5476.0 3.38e-07
5478.0 3.7e-07
5480.0 4.03e-07
5482.0 4.33e-07
5484.0 4.58e-07
5486.0 4.77e-07
5488.0 4.89e-07
5490.0 4.94e-07
5492.0 4.88e-07
5494.0 4.7e-07
5496.0 4.4e-07
5498.0 3.99e-07
5500.0 3.52e-07
5502.0 3.08e-07
5504.0 2.73e-07
5506.0 2.55e-07
5508.0 2.57e-07
5510.0 2.79e-07
5512.0 3.18e-07
5514.0 3.66e-07
5516.0 4.18e-07
5518.0 4.68e-07
5520.0 5.11e-07
5522.0 5.46e-07
5524.0 5.72e-07
5526.0 5.9e-07
5528.0 5.99e-07
5530.0 5.98e-07
5532.0 5.87e-07
5534.0 5.68e-07
5536.0 5.46e-07
5538.0 5.25e-07
5540.0 5.11e-07
5542.0 5.07e-07
5544.0 5.13e-07
5546.0 5.24e-07
5548.0 5.34e-07
5550.0 5.38e-07
5552.0 5.3e-07
5554.0 5.11e-07
5556.0 4.82e-07
5558.0 4.48e-07
5560.0 4.11e-07
5562.0 3.73e-07
5564.0 3.33e-07
5566.0 2.95e-07
5568.0 2.61e-07
5570.0 2.38e-07
5572.0 2.34e-07
5574.0 2.56e-07
5576.0 3.06e-07
5578.0 3.81e-07
5580.0 4.68e-07
5582.0 5.51e-07
5584.0 6.13e-07
5586.0 6.41e-07
5588.0 6.31e-07
5590.0 5.87e-07
5592.0 5.22e-07
5594.0 4.53e-07
5596.0 3.95e-07
5598.0 3.57e-07
5600.0 3.42e-07
5602.0 3.43e-07
5604.0 3.52e-07
5606.0 3.58e-07
5608.0 3.55e-07
5610.0 3.41e-07
5612.0 3.21e-07
5614.0 3.01e-07
5616.0 2.88e-07
5618.0 2.85e-07
5620.0 2.93e-07
5622.0 3.08e-07
5624.0 3.24e-07
5626.0 3.36e-07
5628.0 3.43e-07
5630.0 3.44e-07
5632.0 3.45e-07
5634.0 3.51e-07
5636.0 3.65e-07
5638.0 3.89e-07
5640.0 4.24e-07
5642.0 4.64e-07
5644.0 5.06e-07
5646.0 5.44e-07
5648.0 5.71e-07
5650.0 5.84e-07
5652.0 5.78e-07
5654.0 5.52e-07
5656.0 5.07e-07
5658.0 4.49e-07
5660.0 3.87e-07
5662.0 3.31e-07
5664.0 2.9e-07
5666.0 2.72e-07
5668.0 2.79e-07
5670.0 3.11e-07
5672.0 3.61e-07
5674.0 4.19e-07
5676.0 4.75e-07
5678.0 5.18e-07
5680.0 5.43e-07
5682.0 5.48e-07
5684.0 5.35e-07
5686.0 5.12e-07
5688.0 4.85e-07
5690.0 4.62e-07
5692.0 4.46e-07
5694.0 4.41e-07
5696.0 4.47e-07
5698.0 4.64e-07
5700.0 4.91e-07
5702.0 5.24e-07
5704.0 5.58e-07
5706.0 5.9e-07
5708.0 6.11e-07
5710.0 6.16e-07
5712.0 6.04e-07
5714.0 5.73e-07
5716.0 5.27e-07
5718.0 4.71e-07
5720.0 4.11e-07
5722.0 3.54e-07
5724.0 3.06e-07
5726.0 2.73e-07
5728.0 2.55e-07
5730.0 2.55e-07
5732.0 2.68e-07
5734.0 2.9e-07
5736.0 3.13e-07
5738.0 3.33e-07
5740.0 3.46e-07
5742.0 3.5e-07
5744.0 3.5e-07
5746.0 3.47e-07
5748.0 3.45e-07
5750.0 3.45e-07
5752.0 3.48e-07
5754.0 3.5e-07
5756.0 3.49e-07
5758.0 3.42e-07
5760.0 3.27e-07
5762.0 3.06e-07
5764.0 2.8e-07
5766.0 2.56e-07
5768.0 2.38e-07
5770.0 2.3e-07
5772.0 2.35e-07
5774.0 2.51e-07
5776.0 2.75e-07
5778.0 3.05e-07
5780.0 3.37e-07
5782.0 3.71e-07
5784.0 4.1e-07
5786.0 4.54e-07
5788.0 5.06e-07
5790.0 5.61e-07
5792.0 6.12e-07
5794.0 6.5e-07
5796.0 6.66e-07
5798.0 6.56e-07
5800.0 6.23e-07
5802.0 5.75e-07
5804.0 5.24e-07
5806.0 4.81e-07
5808.0 4.52e-07
5810.0 4.37e-07
5812.0 4.3e-07
5814.0 4.23e-07
5816.0 4.11e-07
5818.0 3.9e-07
5820.0 3.63e-07
5822.0 3.36e-07
5824.0 3.16e-07
5826.0 3.05e-07
5828.0 3.04e-07
5830.0 3.12e-07
5832.0 3.23e-07
5834.0 3.33e-07
5836.0 3.42e-07
5838.0 3.49e-07
5840.0 3.54e-07
5842.0 3.61e-07
5844.0 3.72e-07
5846.0 3.87e-07
5848.0 4.06e-07
5850.0 4.25e-07
5852.0 4.43e-07
5854.0 4.54e-07
5856.0 4.56e-07
5858.0 4.48e-07
5860.0 4.32e-07
5862.0 4.07e-07
5864.0 3.78e-07
5866.0 3.46e-07
5868.0 3.11e-07
5870.0 2.74e-07
5872.0 2.37e-07
5874.0 2.01e-07
5876.0 1.7e-07
5878.0 1.48e-07
5880.0 1.37e-07
5882.0 1.41e-07
5884.0 1.59e-07
5886.0 1.87e-07
5888.0 2.2e-07
5890.0 2.5e-07
5892.0 2.68e-07
5894.0 2.71e-07
5896.0 2.58e-07
5898.0 2.32e-07
5900.0 2e-07
5902.0 1.7e-07
5904.0 1.48e-07
5906.0 1.39e-07
5908.0 1.41e-07
5910.0 1.53e-07
5912.0 1.7e-07
5914.0 1.88e-07
5916.0 2.04e-07
5918.0 2.16e-07
5920.0 2.25e-07
5922.0 2.33e-07
5924.0 2.43e-07
5926.0 2.54e-07
5928.0 2.69e-07
5930.0 2.84e-07
5932.0 2.98e-07
5934.0 3.06e-07
5936.0 3.06e-07
5938.0 2.95e-07
5940.0 2.75e-07
5942.0 2.46e-07
5944.0 2.12e-07
5946.0 1.78e-07
5948.0 1.49e-07
5950.0 1.29e-07
5952.0 1.21e-07
5954.0 1.27e-07
5956.0 1.44e-07
5958.0 1.68e-07
5960.0 1.9e-07
5962.0 2.04e-07
5964.0 2.05e-07
5966.0 1.9e-07
5968.0 1.63e-07
5970.0 1.3e-07
5972.0 9.7e-08
5974.0 7e-08
5976.0 5.5e-08
5978.0 5.2e-08
5980.0 6.2e-08
5982.0 8.2e-08
5984.0 1.1e-07
5986.0 1.4e-07
5988.0 1.68e-07
5990.0 1.9e-07
5992.0 2.02e-07
5994.0 2.01e-07
5996.0 1.9e-07
5998.0 1.73e-07
6000.0 1.54e-07
6002.0 1.4e-07
6004.0 1.34e-07
6006.0 1.38e-07
6008.0 1.5e-07
6010.0 1.66e-07
6012.0 1.81e-07
6014.0 1.92e-07
6016.0 1.97e-07
6018.0 1.97e-07
6020.0 1.93e-07
6022.0 1.88e-07
6024.0 1.87e-07
6026.0 1.88e-07
6028.0 1.92e-07
6030.0 1.99e-07
6032.0 2.07e-07
6034.0 2.16e-07
6036.0 2.28e-07
6038.0 2.41e-07
6040.0 2.57e-07
6042.0 2.72e-07
6044.0 2.84e-07
6046.0 2.87e-07
6048.0 2.8e-07
6050.0 2.63e-07
6052.0 2.4e-07
6054.0 2.18e-07
6056.0 2.03e-07
6058.0 2.02e-07
6060.0 2.16e-07
6062.0 2.42e-07
6064.0 2.73e-07
6066.0 3.02e-07
6068.0 3.23e-07
6070.0 3.31e-07
6072.0 3.26e-07
6074.0 3.11e-07
6076.0 2.88e-07
6078.0 2.62e-07
6080.0 2.34e-07
6082.0 2.08e-07
6084.0 1.84e-07
6086.0 1.62e-07
6088.0 1.45e-07
6090.0 1.33e-07
6092.0 1.29e-07
6094.0 1.37e-07
6096.0 1.6e-07
6098.0 1.98e-07
6100.0 2.49e-07
6102.0 3.08e-07
6104.0 3.65e-07
6106.0 4.12e-07
6108.0 4.39e-07
6110.0 4.41e-07
6112.0 4.2e-07
6114.0 3.8e-07
6116.0 3.29e-07
6118.0 2.78e-07
6120.0 2.33e-07
6122.0 2.01e-07
6124.0 1.82e-07
6126.0 1.74e-07
6128.0 1.75e-07
6130.0 1.79e-07
6132.0 1.81e-07
6134.0 1.8e-07
6136.0 1.73e-07
6138.0 1.64e-07
6140.0 1.52e-07
6142.0 1.41e-07
6144.0 1.33e-07
6146.0 1.3e-07
6148.0 1.31e-07
6150.0 1.37e-07
6152.0 1.47e-07
6154.0 1.58e-07
6156.0 1.7e-07
6158.0 1.83e-07
6160.0 1.98e-07
6162.0 2.2e-07
6164.0 2.49e-07
6166.0 2.86e-07
6168.0 3.27e-07
6170.0 3.68e-07
6172.0 3.98e-07
6174.0 4.11e-07
6176.0 4.02e-07
6178.0 3.72e-07
6180.0 3.29e-07
6182.0 2.82e-07
6184.0 2.45e-07
6186.0 2.27e-07
6188.0 2.33e-07
6190.0 2.61e-07
6192.0 3.04e-07
6194.0 3.49e-07
6196.0 3.86e-07
6198.0 4.03e-07
6200.0 3.99e-07
6202.0 3.74e-07
6204.0 3.38e-07
6206.0 3e-07
6208.0 2.69e-07
6210.0 2.5e-07
6212.0 2.45e-07
6214.0 2.5e-07
6216.0 2.62e-07
6218.0 2.73e-07
6220.0 2.8e-07
6222.0 2.8e-07
6224.0 2.72e-07
6226.0 2.57e-07
6228.0 2.37e-07
6230.0 2.15e-07
6232.0 1.94e-07
6234.0 1.77e-07
6236.0 1.69e-07
6238.0 1.72e-07
6240.0 1.87e-07
6242.0 2.11e-07
6244.0 2.4e-07
6246.0 2.67e-07
6248.0 2.86e-07
6250.0 2.92e-07
6252.0 2.83e-07
6254.0 2.61e-07
6256.0 2.32e-07
6258.0 2.03e-07
6260.0 1.84e-07
6262.0 1.8e-07
6264.0 1.95e-07
6266.0 2.3e-07
6268.0 2.8e-07
6270.0 3.38e-07
6272.0 3.93e-07
6274.0 4.36e-07
6276.0 4.57e-07
6278.0 4.52e-07
6280.0 4.2e-07
6282.0 3.68e-07
6284.0 3.05e-07
6286.0 2.44e-07
6288.0 1.97e-07
6290.0 1.71e-07
6292.0 1.68e-07
6294.0 1.88e-07
6296.0 2.23e-07
6298.0 2.64e-07
6300.0 3.04e-07
6302.0 3.33e-07
6304.0 3.47e-07
6306.0 3.45e-07
6308.0 3.28e-07
6310.0 3.01e-07
6312.0 2.69e-07
6314.0 2.4e-07
6316.0 2.16e-07
6318.0 1.99e-07
6320.0 1.9e-07
6322.0 1.85e-07
6324.0 1.82e-07
6326.0 1.78e-07
6328.0 1.71e-07
6330.0 1.61e-07
6332.0 1.46e-07
6334.0 1.3e-07
6336.0 1.12e-07
6338.0 9.6e-08
6340.0 8.2e-08
6342.0 7.3e-08
6344.0 6.9e-08
6346.0 7.1e-08
6348.0 7.9e-08
6350.0 9.1e-08
6352.0 1.08e-07
6354.0 1.29e-07
6356.0 1.51e-07
6358.0 1.74e-07
6360.0 1.95e-07
6362.0 2.12e-07
6364.0 2.23e-07
6366.0 2.29e-07
6368.0 2.28e-07
6370.0 2.23e-07
6372.0 2.14e-07
6374.0 2.04e-07
6376.0 1.94e-07
6378.0 1.86e-07
6380.0 1.79e-07
6382.0 1.74e-07
6384.0 1.71e-07
6386.0 1.7e-07
6388.0 1.71e-07
6390.0 1.75e-07
6392.0 1.81e-07
6394.0 1.9e-07
6396.0 1.99e-07
6398.0 2.05e-07
6400.0 2.04e-07
6402.0 1.93e-07
6404.0 1.72e-07
6406.0 1.43e-07
6408.0 1.13e-07
6410.0 8.7e-08
6412.0 7e-08
6414.0 6.7e-08
6416.0 7.7e-08
6418.0 9.7e-08
6420.0 1.21e-07
6422.0 1.44e-07
6424.0 1.62e-07
6426.0 1.72e-07
6428.0 1.74e-07
6430.0 1.69e-07
6432.0 1.58e-07
6434.0 1.44e-07
6436.0 1.3e-07
6438.0 1.17e-07
6440.0 1.09e-07
6442.0 1.08e-07
6444.0 1.14e-07
6446.0 1.29e-07
6448.0 1.5e-07
6450.0 1.73e-07
6452.0 1.94e-07
6454.0 2.11e-07
6456.0 2.2e-07
6458.0 2.24e-07
6460.0 2.24e-07
6462.0 2.22e-07
6464.0 2.21e-07
6466.0 2.21e-07
6468.0 2.21e-07
6470.0 2.19e-07
6472.0 2.13e-07
6474.0 2.03e-07
6476.0 1.91e-07
6478.0 1.79e-07
6480.0 1.71e-07
6482.0 1.67e-07
6484.0 1.67e-07
6486.0 1.69e-07
6488.0 1.71e-07
6490.0 1.74e-07
6492.0 1.79e-07
6494.0 1.86e-07
6496.0 1.97e-07
6498.0 2.11e-07
6500.0 2.25e-07
6502.0 2.35e-07
6504.0 2.38e-07
6506.0 2.33e-07
6508.0 2.22e-07
6510.0 2.07e-07
6512.0 1.91e-07
6514.0 1.76e-07
6516.0 1.61e-07
6518.0 1.46e-07
6520.0 1.3e-07
6522.0 1.11e-07
6524.0 9.3e-08
6526.0 7.9e-08
6528.0 7.3e-08
6530.0 7.9e-08
6532.0 9.9e-08
6534.0 1.31e-07
6536.0 1.71e-07
6538.0 2.13e-07
6540.0 2.52e-07
6542.0 2.83e-07
6544.0 3.01e-07
6546.0 3.07e-07
6548.0 3.05e-07
6550.0 2.99e-07
6552.0 2.95e-07
6554.0 2.97e-07
6556.0 3.08e-07
6558.0 3.26e-07
6560.0 3.44e-07
6562.0 3.57e-07
6564.0 3.57e-07
6566.0 3.43e-07
6568.0 3.13e-07
6570.0 2.72e-07
6572.0 2.26e-07
6574.0 1.81e-07
6576.0 1.42e-07
6578.0 1.12e-07
6580.0 9.2e-08
6582.0 8e-08
6584.0 7.5e-08
6586.0 7.6e-08
6588.0 7.9e-08
6590.0 8.6e-08
6592.0 9.4e-08
6594.0 1.06e-07
6596.0 1.2e-07
6598.0 1.37e-07
6600.0 1.55e-07
6602.0 1.75e-07
6604.0 1.93e-07
6606.0 2.08e-07
6608.0 2.17e-07
6610.0 2.18e-07
6612.0 2.1e-07
6614.0 1.95e-07
6616.0 1.74e-07
6618.0 1.5e-07
6620.0 1.27e-07
6622.0 1.05e-07
6624.0 8.8e-08
6626.0 7.8e-08
6628.0 7.5e-08
6630.0 8.3e-08
6632.0 1.01e-07
6634.0 1.28e-07
6636.0 1.63e-07
6638.0 1.99e-07
6640.0 2.3e-07
6642.0 2.52e-07
6644.0 2.61e-07
6646.0 2.59e-07
6648.0 2.5e-07
6650.0 2.39e-07
6652.0 2.34e-07
6654.0 2.38e-07
6656.0 2.53e-07
6658.0 2.77e-07
6660.0 3.06e-07
6662.0 3.33e-07
6664.0 3.57e-07
6666.0 3.73e-07
6668.0 3.81e-07
6670.0 3.81e-07
6672.0 3.74e-07
6674.0 3.61e-07
6676.0 3.41e-07
6678.0 3.15e-07
6680.0 2.86e-07
6682.0 2.57e-07
6684.0 2.31e-07
6686.0 2.11e-07
6688.0 1.99e-07
6690.0 1.93e-07
6692.0 1.91e-07
6694.0 1.91e-07
6696.0 1.9e-07
6698.0 1.91e-07
6700.0 1.97e-07
6702.0 2.1e-07
6704.0 2.33e-07
6706.0 2.62e-07
6708.0 2.93e-07
6710.0 3.18e-07
6712.0 3.32e-07
6714.0 3.33e-07
6716.0 3.21e-07
6718.0 3e-07
6720.0 2.75e-07
6722.0 2.49e-07
6724.0 2.25e-07
6726.0 2.04e-07
6728.0 1.89e-07
6730.0 1.82e-07
6732.0 1.83e-07
6734.0 1.92e-07
6736.0 2.07e-07
6738.0 2.23e-07
6740.0 2.33e-07
6742.0 2.34e-07
6744.0 2.23e-07
6746.0 2.02e-07
6748.0 1.75e-07
6750.0 1.48e-07
6752.0 1.24e-07
6754.0 1.08e-07
6756.0 1e-07
6758.0 9.8e-08
6760.0 1.02e-07
6762.0 1.09e-07
6764.0 1.18e-07
6766.0 1.28e-07
6768.0 1.37e-07
6770.0 1.46e-07
6772.0 1.53e-07
6774.0 1.59e-07
6776.0 1.64e-07
6778.0 1.67e-07
6780.0 1.69e-07
6782.0 1.73e-07
6784.0 1.81e-07
6786.0 1.96e-07
6788.0 2.18e-07
6790.0 2.48e-07
6792.0 2.82e-07
6794.0 3.13e-07
6796.0 3.35e-07
6798.0 3.41e-07
6800.0 3.32e-07
6802.0 3.11e-07
6804.0 2.86e-07
6806.0 2.64e-07
6808.0 2.52e-07
6810.0 2.5e-07
6812.0 2.55e-07
6814.0 2.61e-07
6816.0 2.62e-07
6818.0 2.55e-07
6820.0 2.44e-07
6822.0 2.35e-07
6824.0 2.35e-07
6826.0 2.5e-07
6828.0 2.8e-07
6830.0 3.22e-07
6832.0 3.66e-07
6834.0 4.04e-07
6836.0 4.29e-07
6838.0 4.41e-07
6840.0 4.4e-07
6842.0 4.33e-07
6844.0 4.23e-07
6846.0 4.14e-07
6848.0 4.06e-07
6850.0 3.97e-07
6852.0 3.85e-07
6854.0 3.66e-07
6856.0 3.44e-07
6858.0 3.2e-07
6860.0 3.01e-07
6862.0 2.93e-07
6864.0 3e-07
6866.0 3.26e-07
6868.0 3.69e-07
6870.0 4.27e-07
6872.0 4.97e-07
6874.0 5.81e-07
6876.0 6.78e-07
6878.0 7.97e-07
6880.0 9.44e-07
6882.0 1.124e-06
6884.0 1.34e-06
6886.0 1.587e-06
6888.0 1.858e-06
6890.0 2.148e-06
6892.0 2.46e-06
6894.0 2.813e-06
6896.0 3.239e-06
6898.0 3.779e-06
6900.0 4.469e-06
6902.0 5.332e-06
6904.0 6.37e-06
6906.0 7.57e-06
6908.0 8.918e-06
6910.0 1.0409e-05
6912.0 1.207e-05
6914.0 1.3957e-05
6916.0 1.6152e-05
6918.0 1.8751e-05
6920.0 2.1838e-05
6922.0 2.548e-05
6924.0 2.9718e-05
6926.0 3.4579e-05
6928.0 4.0086e-05
6930.0 4.6291e-05
6932.0 5.3276e-05
6934.0 6.1169e-05
6936.0 7.0122e-05
6938.0 8.0296e-05
6940.0 9.1851e-05
6942.0 0.000104927
6944.0 0.000119668
6946.0 0.000136247
6948.0 0.000154889
6950.0 0.000175894
6952.0 0.000199615
6954.0 0.00022644
6956.0 0.000256744
6958.0 0.000290859
6960.0 0.000329062
6962.0 0.000371597
6964.0 0.000418731
6966.0 0.000470805
6968.0 0.000528296
6970.0 0.000591816
6972.0 0.000662077
6974.0 0.000739837
6976.0 0.000825835
6978.0 0.00092071
6980.0 0.001025001
6982.0 0.001139186
6984.0 0.001263727
6986.0 0.001399192
6988.0 0.001546297
6990.0 0.001705975
6992.0 0.00187938
6994.0 0.002067791
6996.0 0.002272573
6998.0 0.002495135
7000.0 0.002736765
7002.0 0.00299874
7004.0 0.00328215
7006.0 0.003587991
7008.0 0.003917197
7010.0 0.004270707
7012.0 0.004649549
7014.0 0.005054912
7016.0 0.005488257
7018.0 0.005951375
7020.0 0.006446362
7022.0 0.006975432
7024.0 0.007540811
7026.0 0.008144534
7028.0 0.008788257
7030.0 0.009473123
7032.0 0.01019992
7034.0 0.01096928
7036.0 0.01178205
7038.0 0.01263955
7040.0 0.01354348
7042.0 0.01449598
7044.0 0.01549917
7046.0 0.01655492
7048.0 0.01766489
7050.0 0.01883069
7052.0 0.02005399
7054.0 0.02133698
7056.0 0.02268222
7058.0 0.02409241
7060.0 0.0255696
7062.0 0.02711476
7064.0 0.02872749
7066.0 0.03040664
7068.0 0.03215132
7070.0 0.03396164
7072.0 0.03583943
7074.0 0.03778793
7076.0 0.03981096
7078.0 0.04191194
7080.0 0.04409372
7082.0 0.04635873
7084.0 0.04870921
7086.0 0.05114706
7088.0 0.05367357
7090.0 0.05628807
7092.0 0.05898733
7094.0 0.06176548
7096.0 0.0646154
7098.0 0.06753097
7100.0 0.07050935
7102.0 0.07355268
7104.0 0.07666806
7106.0 0.07986578
7108.0 0.08315683
7110.0 0.08655003
7112.0 0.09004971
7114.0 0.09365461
7116.0 0.09735839
7118.0 0.1011508
7120.0 0.1050209
7122.0 0.1089587
7124.0 0.1129579
7126.0 0.1170162
7128.0 0.1211351
7130.0 0.1253194
7132.0 0.129575
7134.0 0.1339079
7136.0 0.1383236
7138.0 0.1428248
7140.0 0.1474123
7142.0 0.1520841
7144.0 0.1568356
7146.0 0.16166
7148.0 0.1665505
7150.0 0.1714987
7152.0 0.1764979
7154.0 0.1815425
7156.0 0.186631
7158.0 0.1917648
7160.0 0.1969504
7162.0 0.2021967
7164.0 0.2075135
7166.0 0.2129062
7168.0 0.2183716
7170.0 0.2238981
7172.0 0.2294652
7174.0 0.2350508
7176.0 0.240638
7178.0 0.2462202
7180.0 0.2518063
7182.0 0.2574151
7184.0 0.2630715
7186.0 0.2687972
7188.0 0.2746032
7190.0 0.2804865
7192.0 0.2864311
7194.0 0.2924119
7196.0 0.2984008
7198.0 0.3043729
7200.0 0.3103131
7202.0 0.3162178
7204.0 0.3220951
7206.0 0.3279611
7208.0 0.3338364
7210.0 0.3397436
7212.0 0.3457016
7214.0 0.351724
7216.0 0.3578161
7218.0 0.3639753
7220.0 0.3701875
7222.0 0.3764286
7224.0 0.3826639
7226.0 0.3888547
7228.0 0.3949659
7230.0 0.4009724
7232.0 0.4068677
7234.0 0.4126646
7236.0 0.418397
7238.0 0.4241099
7240.0 0.4298532
7242.0 0.4356723
7244.0 0.4415978
7246.0 0.4476372
7248.0 0.4537773
7250.0 0.4599814
7252.0 0.4661999
7254.0 0.4723781
7256.0 0.4784668
7258.0 0.4844283
7260.0 0.4902411
7262.0 0.4959009
7264.0 0.5014211
7266.0 0.5068338
7268.0 0.5121869
7270.0 0.5175342
7272.0 0.5229253
7274.0 0.5283907
7276.0 0.5339319
7278.0 0.5395175
7280.0 0.5450968
7282.0 0.5506142
7284.0 0.5560327
7286.0 0.5613403
7288.0 0.5665524
7290.0 0.5716978
7292.0 0.5768077
7294.0 0.581897
7296.0 0.5869626
7298.0 0.5919893
7300.0 0.5969583
7302.0 0.6018608
7304.0 0.6067049
7306.0 0.6115166
7308.0 0.6163258
7310.0 0.6211585
7312.0 0.6260208
7314.0 0.6308953
7316.0 0.6357458
7318.0 0.6405361
7320.0 0.6452352
7322.0 0.6498344
7324.0 0.6543428
7326.0 0.6587754
7328.0 0.6631381
7330.0 0.6674284
7332.0 0.6716368
7334.0 0.6757657
7336.0 0.6798414
7338.0 0.6839211
7340.0 0.6880702
7342.0 0.6923424
7344.0 0.6967486
7346.0 0.7012444
7348.0 0.7057367
7350.0 0.7101146
7352.0 0.714277
7354.0 0.7181678
7356.0 0.7217822
7358.0 0.7251638
7360.0 0.7283848
7362.0 0.7315288
7364.0 0.7346702
7366.0 0.737869
7368.0 0.7411641
7370.0 0.7445687
7372.0 0.7480679
7374.0 0.7516221
7376.0 0.755173
7378.0 0.7586579
7380.0 0.7620356
7382.0 0.7652938
7384.0 0.7684484
7386.0 0.7715361
7388.0 0.774596
7390.0 0.7776433
7392.0 0.7806721
7394.0 0.783658
7396.0 0.7865775
7398.0 0.789421
7400.0 0.7922015
7402.0 0.7949511
7404.0 0.7977
7406.0 0.8004697
7408.0 0.8032599
7410.0 0.8060468
7412.0 0.8087934
7414.0 0.8114561
7416.0 0.8140005
7418.0 0.8164092
7420.0 0.8186884
7422.0 0.8208718
7424.0 0.8230138
7426.0 0.8251735
7428.0 0.8274057
7430.0 0.8297359
7432.0 0.8321597
7434.0 0.8346409
7436.0 0.8371287
7438.0 0.8395701
7440.0 0.8419238
7442.0 0.8441719
7444.0 0.8463147
7446.0 0.8483595
7448.0 0.8503163
7450.0 0.8521952
7452.0 0.8540039
7454.0 0.8557587
7456.0 0.8574857
7458.0 0.8592296
7460.0 0.861034
7462.0 0.8629226
7464.0 0.8648943
7466.0 0.8669052
7468.0 0.8688772
7470.0 0.8707215
7472.0 0.8723673
7474.0 0.8737868
7476.0 0.8750037
7478.0 0.8760957
7480.0 0.8771631
7482.0 0.8782993
7484.0 0.8795706
7486.0 0.8809913
7488.0 0.8825294
7490.0 0.8841282
7492.0 0.8857204
7494.0 0.8872543
7496.0 0.8887013
7498.0 0.8900663
7500.0 0.8913786
7502.0 0.8926734
7504.0 0.8939905
7506.0 0.8953617
7508.0 0.8967952
7510.0 0.8982808
7512.0 0.8997929
7514.0 0.9012857
7516.0 0.9027173
7518.0 0.9040442
7520.0 0.905244
7522.0 0.9063226
7524.0 0.907308
7526.0 0.9082513
7528.0 0.9092118
7530.0 0.9102312
7532.0 0.9113191
7534.0 0.9124453
7536.0 0.9135477
7538.0 0.9145486
7540.0 0.9153877
7542.0 0.9160447
7544.0 0.9165531
7546.0 0.9170002
7548.0 0.9174973
7550.0 0.9181475
7552.0 0.9190078
7554.0 0.9200699
7556.0 0.9212564
7558.0 0.9224437
7560.0 0.923502
7562.0 0.9243437
7564.0 0.9249416
7566.0 0.9253398
7568.0 0.9256448
7570.0 0.9259822
7572.0 0.9264528
7574.0 0.9271114
7576.0 0.9279443
7578.0 0.9288943
7580.0 0.9298755
7582.0 0.9308058
7584.0 0.9316353
7586.0 0.9323463
7588.0 0.9329499
7590.0 0.9334802
7592.0 0.9339749
7594.0 0.9344705
7596.0 0.9349941
7598.0 0.9355645
7600.0 0.9361945
7602.0 0.9368845
7604.0 0.9376221
7606.0 0.938372
7608.0 0.9390829
7610.0 0.9396964
7612.0 0.9401691
7614.0 0.9404868
7616.0 0.9406807
7618.0 0.9408169
7620.0 0.9409811
7622.0 0.9412437
7624.0 0.941643
7626.0 0.9421731
7628.0 0.9427925
7630.0 0.9434447
7632.0 0.9440774
7634.0 0.9446549
7636.0 0.9451474
7638.0 0.9455369
7640.0 0.945813
7642.0 0.9459732
7644.0 0.9460263
7646.0 0.9460098
7648.0 0.9459824
7650.0 0.9460122
7652.0 0.9461625
7654.0 0.9464669
7656.0 0.9469236
7658.0 0.9474843
7660.0 0.9480774
7662.0 0.9486249
7664.0 0.9490667
7666.0 0.94938
7668.0 0.9495792
7670.0 0.949714
7672.0 0.9498538
7674.0 0.950058
7676.0 0.9503496
7678.0 0.9507006
7680.0 0.9510342
7682.0 0.9512525
7684.0 0.9512708
7686.0 0.9510646
7688.0 0.9506882
7690.0 0.9502733
7692.0 0.9499979
7694.0 0.9500262
7696.0 0.9504679
7698.0 0.9513318
7700.0 0.9525343
7702.0 0.9539137
7704.0 0.9552832
7706.0 0.9564614
7708.0 0.9573047
7710.0 0.9577216
7712.0 0.9576752
7714.0 0.9571933
7716.0 0.9563588
7718.0 0.9553244
7720.0 0.9542806
7722.0 0.9534347
7724.0 0.9529575
7726.0 0.9529376
7728.0 0.9533533
7730.0 0.9540754
7732.0 0.9548999
7734.0 0.9556234
7736.0 0.9560991
7738.0 0.9562853
7740.0 0.956246
7742.0 0.9561189
7744.0 0.9560588
7746.0 0.9561777
7748.0 0.9565172
7750.0 0.9570371
7752.0 0.9576504
7754.0 0.9582546
7756.0 0.95876
7758.0 0.9591088
7760.0 0.9592734
7762.0 0.9592607
7764.0 0.9590954
7766.0 0.9588336
7768.0 0.958553
7770.0 0.9583415
7772.0 0.9582813
7774.0 0.9584193
7776.0 0.9587585
7778.0 0.9592437
7780.0 0.9597836
7782.0 0.9602686
7784.0 0.9606122
7786.0 0.9607702
7788.0 0.9607495
7790.0 0.9606043
7792.0 0.9604114
7794.0 0.9602339
7796.0 0.9601121
7798.0 0.9600416
7800.0 0.9599869
7802.0 0.9599045
7804.0 0.9597561
7806.0 0.9595306
7808.0 0.9592397
7810.0 0.9589206
7812.0 0.9586084
7814.0 0.9583391
7816.0 0.9581463
7818.0 0.9580607
7820.0 0.9581136
7822.0 0.9583311
7824.0 0.9587195
7826.0 0.9592339
7828.0 0.9597884
7830.0 0.9602629
7832.0 0.9605327
7834.0 0.9605121
7836.0 0.9601873
7838.0 0.9596183
7840.0 0.9589266
7842.0 0.9582599
7844.0 0.9577529
7846.0 0.9574921
7848.0 0.9575018
7850.0 0.9577521
7852.0 0.9581686
7854.0 0.9586669
7856.0 0.9591575
7858.0 0.9595661
7860.0 0.9598313
7862.0 0.9599102
7864.0 0.9597887
7866.0 0.9594884
7868.0 0.9590712
7870.0 0.9586228
7872.0 0.9582418
7874.0 0.9580031
7876.0 0.9579432
7878.0 0.958046
7880.0 0.9582589
7882.0 0.9585107
7884.0 0.9587471
7886.0 0.958955
7888.0 0.959157
7890.0 0.9594016
7892.0 0.9597324
7894.0 0.9601497
7896.0 0.9606104
7898.0 0.9610331
7900.0 0.9613242
7902.0 0.9614075
7904.0 0.9612515
7906.0 0.9608837
7908.0 0.9603774
7910.0 0.9598187
7912.0 0.9592936
7914.0 0.9588565
7916.0 0.9585309
7918.0 0.9583135
7920.0 0.9581951
7922.0 0.9581691
7924.0 0.9582432
7926.0 0.9584249
7928.0 0.9587165
7930.0 0.959096
7932.0 0.9595193
7934.0 0.9599151
7936.0 0.9602065
7938.0 0.9603347
7940.0 0.9602796
7942.0 0.9600793
7944.0 0.9598129
7946.0 0.9595757
7948.0 0.9594369
7950.0 0.9594098
7952.0 0.9594352
7954.0 0.9594118
7956.0 0.9592339
7958.0 0.958845
7960.0 0.9582686
7962.0 0.9576133
7964.0 0.9570256
7966.0 0.9566398
7968.0 0.9565263
7970.0 0.9566795
7972.0 0.957025
7974.0 0.9574566
7976.0 0.9578771
7978.0 0.9582208
7980.0 0.958455
7982.0 0.9585743
7984.0 0.958587
7986.0 0.9585144
7988.0 0.9583932
7990.0 0.9582761
7992.0 0.9582178
7994.0 0.9582691
7996.0 0.9584467
7998.0 0.9587331
8000.0 0.9590728
8002.0 0.9593961
8004.0 0.9596449
8006.0 0.9597897
8008.0 0.9598327
8010.0 0.9597978
8012.0 0.9597214
8014.0 0.9596311
8016.0 0.959539
8018.0 0.95945
8020.0 0.9593576
8022.0 0.9592535
8024.0 0.9591345
8026.0 0.9590015
8028.0 0.9588595
8030.0 0.9587172
8032.0 0.9585834
8034.0 0.9584649
8036.0 0.9583656
8038.0 0.9582852
8040.0 0.9582199
8042.0 0.9581655
8044.0 0.9581182
8046.0 0.9580776
8048.0 0.9580465
8050.0 0.9580293
8052.0 0.958029
8054.0 0.9580461
8056.0 0.9580762
8058.0 0.9581098
8060.0 0.9581337
8062.0 0.9581337
8064.0 0.958098
8066.0 0.9580202
8068.0 0.9579032
8070.0 0.9577577
8072.0 0.9576006
8074.0 0.9574512
8076.0 0.9573261
8078.0 0.9572351
8080.0 0.9571795
8082.0 0.957152
8084.0 0.9571417
8086.0 0.9571361
8088.0 0.9571275
8090.0 0.9571131
8092.0 0.9570944
8094.0 0.9570755
8096.0 0.9570602
8098.0 0.9570488
8100.0 0.9570388
8102.0 0.957024
8104.0 0.9569987
8106.0 0.9569597
8108.0 0.9569083
8110.0 0.9568509
8112.0 0.9567952
8114.0 0.9567473
8116.0 0.956709
8118.0 0.9566755
8120.0 0.9566393
8122.0 0.956591
8124.0 0.9565255
8126.0 0.9564404
8128.0 0.9563367
8130.0 0.9562176
8132.0 0.9560868
8134.0 0.9559479
8136.0 0.9558042
8138.0 0.9556605
8140.0 0.9555235
8142.0 0.9554005
8144.0 0.9552974
8146.0 0.9552195
8148.0 0.9551682
8150.0 0.9551419
8152.0 0.9551355
8154.0 0.955141
8156.0 0.9551474
8158.0 0.955142
8160.0 0.9551122
8162.0 0.9550489
8164.0 0.9549513
8166.0 0.9548268
8168.0 0.9546922
8170.0 0.9545678
8172.0 0.9544725
8174.0 0.9544163
8176.0 0.9543975
8178.0 0.9544055
8180.0 0.9544222
8182.0 0.9544305
8184.0 0.9544176
8186.0 0.9543796
8188.0 0.9543182
8190.0 0.9542381
8192.0 0.9541432
8194.0 0.9540347
8196.0 0.9539121
8198.0 0.9537756
8200.0 0.9536268
8202.0 0.9534716
8204.0 0.9533187
8206.0 0.9531769
8208.0 0.9530539
8210.0 0.9529536
8212.0 0.952877
8214.0 0.9528209
8216.0 0.9527794
8218.0 0.9527454
8220.0 0.9527123
8222.0 0.9526747
8224.0 0.9526286
8226.0 0.9525737
8228.0 0.9525121
8230.0 0.9524469
8232.0 0.952381
8234.0 0.9523151
8236.0 0.9522459
8238.0 0.952168
8240.0 0.952078
8242.0 0.9519755
8244.0 0.9518669
8246.0 0.9517624
8248.0 0.9516711
8250.0 0.9515953
8252.0 0.9515278
8254.0 0.9514524
8256.0 0.9513508
8258.0 0.9512103
8260.0 0.9510313
8262.0 0.9508296
8264.0 0.9506313
8266.0 0.9504642
8268.0 0.9503478
8270.0 0.9502863
8272.0 0.9502671
8274.0 0.9502655
8276.0 0.9502544
8278.0 0.9502116
8280.0 0.9501261
8282.0 0.9500003
8284.0 0.9498478
8286.0 0.9496874
8288.0 0.9495378
8290.0 0.9494136
8292.0 0.9493205
8294.0 0.9492571
8296.0 0.949217
8298.0 0.9491887
8300.0 0.9491598
8302.0 0.9491184
8304.0 0.9490531
8306.0 0.9489549
8308.0 0.9488201
8310.0 0.9486504
8312.0 0.9484543
8314.0 0.9482461
8316.0 0.9480432
8318.0 0.9478631
8320.0 0.947719
8322.0 0.9476163
8324.0 0.947551
8326.0 0.9475108
8328.0 0.9474786
8330.0 0.947437
8332.0 0.947373
8334.0 0.9472812
8336.0 0.9471616
8338.0 0.9470202
8340.0 0.9468648
8342.0 0.9467025
8344.0 0.9465369
8346.0 0.9463701
8348.0 0.946203
8350.0 0.9460383
8352.0 0.9458813
8354.0 0.9457383
8356.0 0.9456145
8358.0 0.945512
8360.0 0.9454258
8362.0 0.945345
8364.0 0.9452565
8366.0 0.945149
8368.0 0.9450162
8370.0 0.9448617
8372.0 0.9446965
8374.0 0.9445369
8376.0 0.9443976
8378.0 0.9442861
8380.0 0.9441987
8382.0 0.9441218
8384.0 0.9440368
8386.0 0.943927
8388.0 0.9437826
8390.0 0.9436064
8392.0 0.94341
8394.0 0.9432111
8396.0 0.9430265
8398.0 0.9428669
8400.0 0.9427328
8402.0 0.9426167
8404.0 0.9425064
8406.0 0.9423892
8408.0 0.9422571
8410.0 0.9421082
8412.0 0.9419465
8414.0 0.9417789
8416.0 0.9416114
8418.0 0.9414464
8420.0 0.9412818
8422.0 0.9411137
8424.0 0.9409386
8426.0 0.9407575
8428.0 0.9405766
8430.0 0.9404046
8432.0 0.9402498
8434.0 0.9401147
8436.0 0.9399947
8438.0 0.939879
8440.0 0.9397561
8442.0 0.9396174
8444.0 0.939461
8446.0 0.9392912
8448.0 0.9391172
8450.0 0.9389472
8452.0 0.9387868
8454.0 0.9386375
8456.0 0.9384976
8458.0 0.9383641
8460.0 0.9382358
8462.0 0.9381111
8464.0 0.93799
8466.0 0.9378721
8468.0 0.9377565
8470.0 0.937642
8472.0 0.9375276
8474.0 0.9374116
8476.0 0.9372917
8478.0 0.937164
8480.0 0.9370231
8482.0 0.9368633
8484.0 0.9366825
8486.0 0.9364851
8488.0 0.9362835
8490.0 0.9360942
8492.0 0.9359343
8494.0 0.9358146
8496.0 0.9357361
8498.0 0.9356902
8500.0 0.9356597
8502.0 0.9356257
8504.0 0.9355716
8506.0 0.9354866
8508.0 0.9353639
8510.0 0.9352028
8512.0 0.9350057
8514.0 0.9347775
8516.0 0.9345266
8518.0 0.9342639
8520.0 0.9340022
8522.0 0.9337536
8524.0 0.9335263
8526.0 0.9333219
8528.0 0.9331367
8530.0 0.9329626
8532.0 0.9327903
8534.0 0.9326146
8536.0 0.9324345
8538.0 0.9322545
8540.0 0.9320835
8542.0 0.9319318
8544.0 0.9318079
8546.0 0.9317159
8548.0 0.9316529
8550.0 0.9316087
8552.0 0.9315659
8554.0 0.9315036
8556.0 0.931402
8558.0 0.9312475
8560.0 0.9310376
8562.0 0.9307818
8564.0 0.9304991
8566.0 0.930213
8568.0 0.9299451
8570.0 0.9297084
8572.0 0.9295081
8574.0 0.9293421
8576.0 0.9292056
8578.0 0.9290946
8580.0 0.9290047
8582.0 0.9289322
8584.0 0.9288696
8586.0 0.9288073
8588.0 0.9287322
8590.0 0.9286339
8592.0 0.9285085
8594.0 0.9283606
8596.0 0.9282034
8598.0 0.928054
8600.0 0.927927
8602.0 0.9278289
8604.0 0.9277545
8606.0 0.9276893
8608.0 0.9276139
8610.0 0.9275118
8612.0 0.927376
8614.0 0.927212
8616.0 0.9270367
8618.0 0.9268721
8620.0 0.9267387
8622.0 0.9266485
8624.0 0.926602
8626.0 0.9265881
8628.0 0.9265886
8630.0 0.9265842
8632.0 0.9265589
8634.0 0.9265033
8636.0 0.926414
8638.0 0.926292
8640.0 0.9261407
8642.0 0.9259636
8644.0 0.9257642
8646.0 0.9255462
8648.0 0.9253155
8650.0 0.9250806
8652.0 0.9248536
8654.0 0.9246477
8656.0 0.9244753
8658.0 0.924344
8660.0 0.9242533
8662.0 0.9241931
8664.0 0.9241466
8666.0 0.9240937
8668.0 0.9240154
8670.0 0.9238993
8672.0 0.9237415
8674.0 0.9235476
8676.0 0.9233287
8678.0 0.9231002
8680.0 0.9228761
8682.0 0.922668
8684.0 0.9224814
8686.0 0.922318
8688.0 0.9221742
8690.0 0.9220421
8692.0 0.9219113
8694.0 0.9217687
8696.0 0.9216024
8698.0 0.9214037
8700.0 0.9211699
8702.0 0.9209051
8704.0 0.9206211
8706.0 0.9203333
8708.0 0.920058
8710.0 0.9198071
8712.0 0.9195862
8714.0 0.9193941
8716.0 0.9192245
8718.0 0.9190688
8720.0 0.9189213
8722.0 0.9187789
8724.0 0.9186402
8726.0 0.9185048
8728.0 0.9183711
8730.0 0.9182354
8732.0 0.9180927
8734.0 0.9179369
8736.0 0.9177639
8738.0 0.9175729
8740.0 0.9173661
8742.0 0.9171493
8744.0 0.9169327
8746.0 0.9167261
8748.0 0.9165382
8750.0 0.9163716
8752.0 0.9162213
8754.0 0.9160757
8756.0 0.9159197
8758.0 0.9157401
8760.0 0.9155314
8762.0 0.9152975
8764.0 0.9150494
8766.0 0.9148018
8768.0 0.9145656
8770.0 0.9143463
8772.0 0.9141428
8774.0 0.913951
8776.0 0.9137678
8778.0 0.9135931
8780.0 0.9134287
8782.0 0.9132749
8784.0 0.9131273
8786.0 0.9129762
8788.0 0.9128096
8790.0 0.9126169
8792.0 0.9123947
8794.0 0.9121485
8796.0 0.9118912
8798.0 0.9116388
8800.0 0.9114062
8802.0 0.9112016
8804.0 0.9110259
8806.0 0.9108741
8808.0 0.9107363
8810.0 0.9106029
8812.0 0.9104644
8814.0 0.9103131
8816.0 0.910143
8818.0 0.9099507
8820.0 0.9097368
8822.0 0.9095061
8824.0 0.9092685
8826.0 0.9090362
8828.0 0.9088201
8830.0 0.9086263
8832.0 0.9084526
8834.0 0.9082899
8836.0 0.9081245
8838.0 0.9079422
8840.0 0.9077333
8842.0 0.9074947
8844.0 0.9072314
8846.0 0.9069527
8848.0 0.9066714
8850.0 0.9064
8852.0 0.9061485
8854.0 0.9059228
8856.0 0.905723
8858.0 0.9055439
8860.0 0.9053776
8862.0 0.905214
8864.0 0.9050447
8866.0 0.9048647
8868.0 0.904674
8870.0 0.9044747
8872.0 0.9042708
8874.0 0.9040647
8876.0 0.9038562
8878.0 0.9036428
8880.0 0.9034213
8882.0 0.9031893
8884.0 0.9029465
8886.0 0.9026951
8888.0 0.90244
8890.0 0.9021877
8892.0 0.9019466
8894.0 0.901723
8896.0 0.9015204
8898.0 0.9013375
8900.0 0.9011673
8902.0 0.9009979
8904.0 0.9008148
8906.0 0.9006047
8908.0 0.900359
8910.0 0.9000759
8912.0 0.899761
8914.0 0.8994269
8916.0 0.8990903
8918.0 0.8987696
8920.0 0.8984807
8922.0 0.8982353
8924.0 0.8980387
8926.0 0.8978885
8928.0 0.8977744
8930.0 0.8976799
8932.0 0.8975847
8934.0 0.8974694
8936.0 0.8973206
8938.0 0.8971337
8940.0 0.8969149
8942.0 0.8966804
8944.0 0.8964503
8946.0 0.8962432
8948.0 0.8960693
8950.0 0.8959262
8952.0 0.8957987
8954.0 0.8956638
8956.0 0.8954978
8958.0 0.8952845
8960.0 0.8950207
8962.0 0.8947168
8964.0 0.8943927
8966.0 0.8940705
8968.0 0.8937672
8970.0 0.893489
8972.0 0.8932304
8974.0 0.8929778
8976.0 0.8927167
8978.0 0.8924367
8980.0 0.8921381
8982.0 0.8918329
8984.0 0.8915384
8986.0 0.8912735
8988.0 0.8910491
8990.0 0.8908648
8992.0 0.8907086
8994.0 0.8905607
8996.0 0.8903994
8998.0 0.8902079
9000.0 0.8899779
9002.0 0.8897096
9004.0 0.8894095
9006.0 0.8890865
9008.0 0.8887498
9010.0 0.8884069
9012.0 0.8880648
9014.0 0.8877298
9016.0 0.8874074
9018.0 0.8871006
9020.0 0.8868071
9022.0 0.8865209
9024.0 0.8862345
9026.0 0.8859418
9028.0 0.8856428
9030.0 0.885344
9032.0 0.8850568
9034.0 0.8847916
9036.0 0.8845537
9038.0 0.8843393
9040.0 0.8841355
9042.0 0.8839234
9044.0 0.8836864
9046.0 0.8834124
9048.0 0.8831009
9050.0 0.8827605
9052.0 0.8824071
9054.0 0.8820592
9056.0 0.8817324
9058.0 0.8814364
9060.0 0.8811718
9062.0 0.8809318
9064.0 0.8807044
9066.0 0.8804761
9068.0 0.8802352
9070.0 0.8799749
9072.0 0.8796936
9074.0 0.8793937
9076.0 0.8790793
9078.0 0.8787542
9080.0 0.8784222
9082.0 0.8780864
9084.0 0.8777508
9086.0 0.8774207
9088.0 0.877101
9090.0 0.8767954
9092.0 0.8765029
9094.0 0.8762186
9096.0 0.8759338
9098.0 0.8756402
9100.0 0.8753316
9102.0 0.8750069
9104.0 0.8746695
9106.0 0.8743267
9108.0 0.8739858
9110.0 0.8736532
9112.0 0.873332
9114.0 0.8730235
9116.0 0.8727269
9118.0 0.8724412
9120.0 0.8721646
9122.0 0.8718952
9124.0 0.8716302
9126.0 0.8713672
9128.0 0.8711041
9130.0 0.8708397
9132.0 0.870574
9134.0 0.8703069
9136.0 0.8700377
9138.0 0.8697636
9140.0 0.8694807
9142.0 0.8691862
9144.0 0.86888
9146.0 0.8685665
9148.0 0.8682546
9150.0 0.8679539
9152.0 0.867672
9154.0 0.8674098
9156.0 0.8671612
9158.0 0.8669147
9160.0 0.8666582
9162.0 0.8663831
9164.0 0.8660873
9166.0 0.865775
9168.0 0.8654553
9170.0 0.8651375
9172.0 0.8648281
9174.0 0.8645301
9176.0 0.864242
9178.0 0.8639595
9180.0 0.8636786
9182.0 0.8633974
9184.0 0.863117
9186.0 0.8628408
9188.0 0.8625732
9190.0 0.8623171
9192.0 0.8620727
9194.0 0.8618372
9196.0 0.8616062
9198.0 0.8613759
9200.0 0.8611431
9202.0 0.8609065
9204.0 0.8606643
9206.0 0.8604131
9208.0 0.8601482
9210.0 0.8598649
9212.0 0.8595606
9214.0 0.8592375
9216.0 0.8589024
9218.0 0.8585649
9220.0 0.8582351
9222.0 0.8579207
9224.0 0.8576265
9226.0 0.8573549
9228.0 0.8571061
9230.0 0.8568782
9232.0 0.856666
9234.0 0.8564602
9236.0 0.8562468
9238.0 0.8560102
9240.0 0.8557374
9242.0 0.8554223
9244.0 0.8550684
9246.0 0.854688
9248.0 0.8542993
9250.0 0.8539215
9252.0 0.853569
9254.0 0.8532491
9256.0 0.8529607
9258.0 0.8526944
9260.0 0.8524363
9262.0 0.8521715
9264.0 0.8518875
9266.0 0.8515785
9268.0 0.8512461
9270.0 0.850899
9272.0 0.8505497
9274.0 0.8502102
9276.0 0.8498874
9278.0 0.8495836
9280.0 0.8492952
9282.0 0.8490168
9284.0 0.8487439
9286.0 0.8484719
9288.0 0.8481972
9290.0 0.8479152
9292.0 0.8476185
9294.0 0.8472982
9296.0 0.8469486
9298.0 0.8465686
9300.0 0.8461649
9302.0 0.8457508
9304.0 0.8453424
9306.0 0.8449526
9308.0 0.8445871
9310.0 0.8442443
9312.0 0.8439151
9314.0 0.8435894
9316.0 0.84326
9318.0 0.8429254
9320.0 0.842588
9322.0 0.8422529
9324.0 0.8419235
9326.0 0.8416002
9328.0 0.8412797
9330.0 0.8409568
9332.0 0.8406258
9334.0 0.8402821
9336.0 0.8399236
9338.0 0.8395506
9340.0 0.8391674
9342.0 0.838781
9344.0 0.8384005
9346.0 0.8380347
9348.0 0.8376884
9350.0 0.8373601
9352.0 0.8370428
9354.0 0.8367258
9356.0 0.836397
9358.0 0.8360479
9360.0 0.8356769
9362.0 0.8352874
9364.0 0.8348876
9366.0 0.8344863
9368.0 0.8340908
9370.0 0.8337037
9372.0 0.8333267
9374.0 0.8329582
9376.0 0.8325961
9378.0 0.8322397
9380.0 0.8318872
9382.0 0.8315369
9384.0 0.8311853
9386.0 0.8308262
9388.0 0.8304519
9390.0 0.8300542
9392.0 0.8296271
9394.0 0.8291699
9396.0 0.8286869
9398.0 0.8281886
9400.0 0.8276894
9402.0 0.8272046
9404.0 0.8267488
9406.0 0.8263318
9408.0 0.8259575
9410.0 0.8256216
9412.0 0.8253122
9414.0 0.8250121
9416.0 0.824703
9418.0 0.8243693
9420.0 0.8240016
9422.0 0.8235996
9424.0 0.82317
9426.0 0.8227233
9428.0 0.8222692
9430.0 0.8218152
9432.0 0.8213642
9434.0 0.8209166
9436.0 0.8204725
9438.0 0.820032
9440.0 0.8195961
9442.0 0.8191656
9444.0 0.8187403
9446.0 0.8183196
9448.0 0.8179026
9450.0 0.817489
9452.0 0.8170782
9454.0 0.8166685
9456.0 0.816256
9458.0 0.8158337
9460.0 0.8153945
9462.0 0.8149347
9464.0 0.8144563
9466.0 0.813968
9468.0 0.8134844
9470.0 0.8130199
9472.0 0.8125846
9474.0 0.812181
9476.0 0.8118039
9478.0 0.8114421
9480.0 0.8110821
9482.0 0.8107112
9484.0 0.8103185
9486.0 0.8098963
9488.0 0.8094408
9490.0 0.8089528
9492.0 0.808439
9494.0 0.8079119
9496.0 0.8073878
9498.0 0.8068825
9500.0 0.8064067
9502.0 0.8059631
9504.0 0.8055451
9506.0 0.8051392
9508.0 0.8047315
9510.0 0.8043102
9512.0 0.8038702
9514.0 0.8034131
9516.0 0.802945
9518.0 0.8024739
9520.0 0.802006
9522.0 0.8015453
9524.0 0.8010925
9526.0 0.8006468
9528.0 0.8002056
9530.0 0.7997669
9532.0 0.7993283
9534.0 0.7988882
9536.0 0.7984448
9538.0 0.7979978
9540.0 0.7975473
9542.0 0.7970939
9544.0 0.7966394
9546.0 0.7961865
9548.0 0.7957383
9550.0 0.7952966
9552.0 0.7948608
9554.0 0.7944277
9556.0 0.7939911
9558.0 0.793545
9560.0 0.793085
9562.0 0.7926099
9564.0 0.7921242
9566.0 0.7916353
9568.0 0.7911522
9570.0 0.7906835
9572.0 0.7902336
9574.0 0.7898013
9576.0 0.7893809
9578.0 0.7889616
9580.0 0.7885314
9582.0 0.7880793
9584.0 0.7876001
9586.0 0.7870945
9588.0 0.7865712
9590.0 0.7860433
9592.0 0.7855252
9594.0 0.7850277
9596.0 0.7845554
9598.0 0.7841057
9600.0 0.7836706
9602.0 0.7832416
9604.0 0.782811
9606.0 0.7823742
9608.0 0.7819288
9610.0 0.7814733
9612.0 0.7810041
9614.0 0.7805173
9616.0 0.7800088
9618.0 0.7794786
9620.0 0.7789336
9622.0 0.7783873
9624.0 0.7778579
9626.0 0.7773633
9628.0 0.7769145
9630.0 0.776512
9632.0 0.7761438
9634.0 0.7757889
9636.0 0.7754216
9638.0 0.7750195
9640.0 0.7745687
9642.0 0.7740666
9644.0 0.773522
9646.0 0.7729524
9648.0 0.7723789
9650.0 0.771822
9652.0 0.7712967
9654.0 0.7708091
9656.0 0.7703554
9658.0 0.7699235
9660.0 0.7694959
9662.0 0.7690555
9664.0 0.7685912
9666.0 0.7681011
9668.0 0.7675926
9670.0 0.7670796
9672.0 0.7665765
9674.0 0.7660924
9676.0 0.7656277
9678.0 0.765173
9680.0 0.764714
9682.0 0.7642364
9684.0 0.7637315
9686.0 0.7631983
9688.0 0.7626438
9690.0 0.7620796
9692.0 0.7615185
9694.0 0.7609706
9696.0 0.7604425
9698.0 0.7599358
9700.0 0.7594477
9702.0 0.7589719
9704.0 0.7584997
9706.0 0.7580208
9708.0 0.7575253
9710.0 0.7570056
9712.0 0.7564591
9714.0 0.7558895
9716.0 0.7553053
9718.0 0.7547195
9720.0 0.7541454
9722.0 0.7535916
9724.0 0.7530607
9726.0 0.7525477
9728.0 0.7520408
9730.0 0.7515248
9732.0 0.7509868
9734.0 0.7504189
9736.0 0.7498217
9738.0 0.7492031
9740.0 0.7485771
9742.0 0.7479588
9744.0 0.7473606
9746.0 0.7467892
9748.0 0.7462452
9750.0 0.7457224
9752.0 0.7452119
9754.0 0.7447037
9756.0 0.7441901
9758.0 0.7436669
9760.0 0.7431342
9762.0 0.7425953
9764.0 0.7420546
9766.0 0.741516
9768.0 0.740981
9770.0 0.7404479
9772.0 0.739913
9774.0 0.739371
9776.0 0.7388178
9778.0 0.7382504
9780.0 0.7376682
9782.0 0.7370727
9784.0 0.7364664
9786.0 0.7358524
9788.0 0.735235
9790.0 0.7346179
9792.0 0.7340042
9794.0 0.7333955
9796.0 0.7327919
9798.0 0.732192
9800.0 0.731593
9802.0 0.7309932
9804.0 0.7303926
9806.0 0.7297937
9808.0 0.7292006
9810.0 0.7286178
9812.0 0.7280477
9814.0 0.7274905
9816.0 0.7269428
9818.0 0.7263995
9820.0 0.7258546
9822.0 0.7253013
9824.0 0.7247357
9826.0 0.7241552
9828.0 0.7235591
9830.0 0.7229489
9832.0 0.7223272
9834.0 0.7216988
9836.0 0.7210683
9838.0 0.7204402
9840.0 0.7198167
9842.0 0.7191975
9844.0 0.7185789
9846.0 0.717956
9848.0 0.7173237
9850.0 0.7166796
9852.0 0.7160242
9854.0 0.7153622
9856.0 0.7147
9858.0 0.7140449
9860.0 0.7134025
9862.0 0.7127757
9864.0 0.7121635
9866.0 0.711562
9868.0 0.7109646
9870.0 0.7103642
9872.0 0.7097541
9874.0 0.7091287
9876.0 0.7084848
9878.0 0.7078226
9880.0 0.7071444
9882.0 0.7064551
9884.0 0.7057611
9886.0 0.7050705
9888.0 0.7043928
9890.0 0.7037374
9892.0 0.7031127
9894.0 0.7025218
9896.0 0.7019594
9898.0 0.7014115
9900.0 0.7008563
9902.0 0.7002699
9904.0 0.6996339
9906.0 0.6989407
9908.0 0.698197
9910.0 0.6974213
9912.0 0.6966392
9914.0 0.695875
9916.0 0.6951452
9918.0 0.6944562
9920.0 0.693804
9922.0 0.693178
9924.0 0.6925649
9926.0 0.6919519
9928.0 0.6913295
9930.0 0.6906918
9932.0 0.6900365
9934.0 0.6893659
9936.0 0.688686
9938.0 0.6880044
9940.0 0.6873296
9942.0 0.6866672
9944.0 0.6860176
9946.0 0.685375
9948.0 0.6847287
9950.0 0.6840658
9952.0 0.6833767
9954.0 0.6826585
9956.0 0.6819173
9958.0 0.6811663
9960.0 0.6804222
9962.0 0.6796989
9964.0 0.6790035
9966.0 0.6783345
9968.0 0.6776824
9970.0 0.6770351
9972.0 0.6763812
9974.0 0.6757137
9976.0 0.6750313
9978.0 0.6743367
9980.0 0.673635
9982.0 0.6729308
9984.0 0.6722266
9986.0 0.6715227
9988.0 0.6708172
9990.0 0.6701074
9992.0 0.6693908
9994.0 0.6686659
9996.0 0.6679321
9998.0 0.6671906
10000.0 0.6664426
10002.0 0.6656889
10004.0 0.6649307
10006.0 0.6641683
10008.0 0.6634027
10010.0 0.662636
10012.0 0.66187
10014.0 0.6611071
10016.0 0.6603484
10018.0 0.6595931
10020.0 0.6588385
10022.0 0.6580813
10024.0 0.6573187
10026.0 0.6565508
10028.0 0.6557821
10030.0 0.6550199
10032.0 0.6542729
10034.0 0.653548
10036.0 0.6528473
10038.0 0.6521662
10040.0 0.6514933
10042.0 0.6508138
10044.0 0.6501137
10046.0 0.6493824
10048.0 0.6486166
10050.0 0.64782
10052.0 0.6470012
10054.0 0.6461717
10056.0 0.6453427
10058.0 0.6445229
10060.0 0.643718
10062.0 0.6429303
10064.0 0.6421584
10066.0 0.6413972
10068.0 0.6406396
10070.0 0.6398765
10072.0 0.6390994
10074.0 0.6383025
10076.0 0.6374853
10078.0 0.6366528
10080.0 0.635815
10082.0 0.6349834
10084.0 0.6341692
10086.0 0.6333786
10088.0 0.6326118
10090.0 0.6318623
10092.0 0.6311195
10094.0 0.6303704
10096.0 0.6296029
10098.0 0.6288085
10100.0 0.6279844
10102.0 0.6271341
10104.0 0.626266
10106.0 0.6253925
10108.0 0.6245273
10110.0 0.6236816
10112.0 0.6228628
10114.0 0.6220715
10116.0 0.6213018
10118.0 0.6205421
10120.0 0.619778
10122.0 0.6189951
10124.0 0.6181824
10126.0 0.6173354
10128.0 0.6164571
10130.0 0.6155569
10132.0 0.6146493
10134.0 0.613749
10136.0 0.6128662
10138.0 0.612005
10140.0 0.6111624
10142.0 0.6103306
10144.0 0.6094998
10146.0 0.608663
10148.0 0.6078169
10150.0 0.6069629
10152.0 0.6061041
10154.0 0.6052445
10156.0 0.6043863
10158.0 0.6035294
10160.0 0.6026717
10162.0 0.6018108
10164.0 0.6009452
10166.0 0.6000741
10168.0 0.5991986
10170.0 0.5983205
10172.0 0.5974418
10174.0 0.596564
10176.0 0.595687
10178.0 0.5948089
10180.0 0.593926
10182.0 0.5930339
10184.0 0.592129
10186.0 0.5912095
10188.0 0.5902763
10190.0 0.5893331
10192.0 0.5883851
10194.0 0.5874386
10196.0 0.5864997
10198.0 0.5855732
10200.0 0.584663
10202.0 0.5837709
10204.0 0.5828965
10206.0 0.5820363
10208.0 0.5811849
10210.0 0.5803352
10212.0 0.5794804
10214.0 0.5786146
10216.0 0.5777344
10218.0 0.5768388
10220.0 0.5759287
10222.0 0.5750065
10224.0 0.5740753
10226.0 0.5731384
10228.0 0.5721994
10230.0 0.571261
10232.0 0.5703251
10234.0 0.5693924
10236.0 0.5684624
10238.0 0.5675343
10240.0 0.5666079
10242.0 0.5656829
10244.0 0.564759
10246.0 0.5638349
10248.0 0.5629078
10250.0 0.5619747
10252.0 0.5610327
10254.0 0.5600808
10256.0 0.559121
10258.0 0.5581574
10260.0 0.5571946
10262.0 0.5562366
10264.0 0.5552858
10266.0 0.554342
10268.0 0.5534032
10270.0 0.5524651
10272.0 0.5515231
10274.0 0.5505712
10276.0 0.5496044
10278.0 0.5486197
10280.0 0.5476177
10282.0 0.5466036
10284.0 0.5455865
10286.0 0.5445771
10288.0 0.5435844
10290.0 0.542613
10292.0 0.5416616
10294.0 0.5407236
10296.0 0.5397896
10298.0 0.5388505
10300.0 0.5379007
10302.0 0.536939
10304.0 0.5359685
10306.0 0.534994
10308.0 0.5340196
10310.0 0.5330461
10312.0 0.532071
10314.0 0.5310895
10316.0 0.5300966
10318.0 0.5290899
10320.0 0.5280705
10322.0 0.5270431
10324.0 0.5260136
10326.0 0.5249867
10328.0 0.5239652
10330.0 0.5229496
10332.0 0.5219392
10334.0 0.520934
10336.0 0.519935
10338.0 0.5189439
10340.0 0.5179615
10342.0 0.5169856
10344.0 0.5160111
10346.0 0.5150314
10348.0 0.5140402
10350.0 0.5130338
10352.0 0.5120114
10354.0 0.5109752
10356.0 0.5099288
10358.0 0.5088757
10360.0 0.5078184
10362.0 0.5067588
10364.0 0.5056986
10366.0 0.5046397
10368.0 0.5035845
10370.0 0.5025352
10372.0 0.5014933
10374.0 0.5004598
10376.0 0.4994342
10378.0 0.4984152
10380.0 0.4974004
10382.0 0.4963861
10384.0 0.4953686
10386.0 0.4943441
10388.0 0.4933095
10390.0 0.492264
10392.0 0.4912085
10394.0 0.4901466
10396.0 0.4890823
10398.0 0.4880194
10400.0 0.4869606
10402.0 0.4859072
10404.0 0.4848586
10406.0 0.4838134
10408.0 0.4827695
10410.0 0.4817247
10412.0 0.4806781
10414.0 0.4796287
10416.0 0.4785756
10418.0 0.4775178
10420.0 0.476454
10422.0 0.4753826
10424.0 0.4743025
10426.0 0.4732148
10428.0 0.4721224
10430.0 0.4710311
10432.0 0.4699479
10434.0 0.4688792
10436.0 0.4678292
10438.0 0.4667978
10440.0 0.465781
10442.0 0.4647704
10444.0 0.4637559
10446.0 0.4627272
10448.0 0.4616767
10450.0 0.4606007
10452.0 0.4595013
10454.0 0.4583859
10456.0 0.4572657
10458.0 0.4561534
10460.0 0.4550593
10462.0 0.4539889
10464.0 0.452941
10466.0 0.4519078
10468.0 0.4508781
10470.0 0.4498401
10472.0 0.4487854
10474.0 0.4477105
10476.0 0.4466175
10478.0 0.4455122
10480.0 0.4444021
10482.0 0.4432936
10484.0 0.4421908
10486.0 0.4410952
10488.0 0.4400059
10490.0 0.4389209
10492.0 0.437838
10494.0 0.4367552
10496.0 0.4356714
10498.0 0.4345861
10500.0 0.4334991
10502.0 0.4324109
10504.0 0.4313223
10506.0 0.4302345
10508.0 0.4291483
10510.0 0.4280644
10512.0 0.4269823
10514.0 0.4259005
10516.0 0.4248171
10518.0 0.4237299
10520.0 0.4226369
10522.0 0.4215368
10524.0 0.4204298
10526.0 0.4193181
10528.0 0.4182049
10530.0 0.4170946
10532.0 0.4159913
10534.0 0.4148984
10536.0 0.4138168
10538.0 0.4127445
10540.0 0.4116771
10542.0 0.4106093
10544.0 0.4095356
10546.0 0.4084521
10548.0 0.4073572
10550.0 0.4062517
10552.0 0.405138
10554.0 0.4040198
10556.0 0.402901
10558.0 0.401786
10560.0 0.4006782
10562.0 0.39958
10564.0 0.3984923
10566.0 0.3974141
10568.0 0.3963431
10570.0 0.3952754
10572.0 0.3942068
10574.0 0.3931337
10576.0 0.3920534
10578.0 0.3909644
10580.0 0.3898675
10582.0 0.3887648
10584.0 0.3876602
10586.0 0.3865575
10588.0 0.3854601
10590.0 0.3843696
10592.0 0.3832855
10594.0 0.3822056
10596.0 0.3811274
10598.0 0.3800491
10600.0 0.3789702
10602.0 0.3778919
10604.0 0.3768158
10606.0 0.3757433
10608.0 0.3746739
10610.0 0.3736062
10612.0 0.3725379
10614.0 0.3714668
10616.0 0.3703907
10618.0 0.369308
10620.0 0.368218
10622.0 0.3671205
10624.0 0.3660158
10626.0 0.3649056
10628.0 0.3637926
10630.0 0.362681
10632.0 0.3615751
10634.0 0.3604788
10636.0 0.3593944
10638.0 0.3583223
10640.0 0.3572606
10642.0 0.356206
10644.0 0.3551542
10646.0 0.3541019
10648.0 0.3530469
10650.0 0.3519883
10652.0 0.3509265
10654.0 0.3498618
10656.0 0.3487945
10658.0 0.3477238
10660.0 0.3466488
10662.0 0.3455687
10664.0 0.344484
10666.0 0.3433961
10668.0 0.3423069
10670.0 0.3412186
10672.0 0.3401321
10674.0 0.3390473
10676.0 0.3379633
10678.0 0.3368793
10680.0 0.3357953
10682.0 0.3347122
10684.0 0.3336322
10686.0 0.3325572
10688.0 0.331489
10690.0 0.3304277
10692.0 0.3293722
10694.0 0.3283205
10696.0 0.32727
10698.0 0.3262183
10700.0 0.3251637
10702.0 0.3241051
10704.0 0.3230419
10706.0 0.3219741
10708.0 0.3209022
10710.0 0.3198277
10712.0 0.3187528
10714.0 0.3176805
10716.0 0.3166135
10718.0 0.3155543
10720.0 0.3145038
10722.0 0.3134613
10724.0 0.3124244
10726.0 0.3113898
10728.0 0.310354
10730.0 0.3093141
10732.0 0.308269
10734.0 0.3072193
10736.0 0.3061673
10738.0 0.3051165
10740.0 0.3040701
10742.0 0.3030307
10744.0 0.3019985
10746.0 0.3009723
10748.0 0.2999491
10750.0 0.2989263
10752.0 0.2979018
10754.0 0.2968751
10756.0 0.2958469
10758.0 0.2948182
10760.0 0.2937898
10762.0 0.292762
10764.0 0.2917345
10766.0 0.2907068
10768.0 0.2896791
10770.0 0.2886522
10772.0 0.2876269
10774.0 0.2866042
10776.0 0.2855847
10778.0 0.2845681
10780.0 0.283554
10782.0 0.2825414
10784.0 0.2815293
10786.0 0.2805164
10788.0 0.2795012
10790.0 0.2784822
10792.0 0.2774584
10794.0 0.2764294
10796.0 0.2753962
10798.0 0.2743607
10800.0 0.2733261
10802.0 0.2722957
10804.0 0.2712727
10806.0 0.2702592
10808.0 0.269256
10810.0 0.2682616
10812.0 0.2672737
10814.0 0.2662885
10816.0 0.2653027
10818.0 0.2643137
10820.0 0.2633204
10822.0 0.2623228
10824.0 0.2613222
10826.0 0.2603198
10828.0 0.2593165
10830.0 0.2583131
10832.0 0.25731
10834.0 0.2563079
10836.0 0.2553079
10838.0 0.2543116
10840.0 0.2533202
10842.0 0.2523345
10844.0 0.2513548
10846.0 0.2503803
10848.0 0.2494097
10850.0 0.2484413
10852.0 0.2474738
10854.0 0.2465064
10856.0 0.2455393
10858.0 0.2445729
10860.0 0.243608
10862.0 0.2426449
10864.0 0.2416835
10866.0 0.2407225
10868.0 0.2397608
10870.0 0.2387976
10872.0 0.2378329
10874.0 0.2368675
10876.0 0.2359031
10878.0 0.2349417
10880.0 0.2339844
10882.0 0.2330314
10884.0 0.232082
10886.0 0.2311346
10888.0 0.2301875
10890.0 0.2292392
10892.0 0.2282889
10894.0 0.2273361
10896.0 0.2263814
10898.0 0.2254254
10900.0 0.2244698
10902.0 0.2235167
10904.0 0.2225686
10906.0 0.2216281
10908.0 0.220697
10910.0 0.2197766
10912.0 0.2188662
10914.0 0.2179639
10916.0 0.2170667
10918.0 0.2161708
10920.0 0.2152729
10922.0 0.2143706
10924.0 0.2134628
10926.0 0.2125498
10928.0 0.2116329
10930.0 0.210714
10932.0 0.2097953
10934.0 0.2088787
10936.0 0.207966
10938.0 0.2070587
10940.0 0.2061582
10942.0 0.2052649
10944.0 0.2043787
10946.0 0.2034986
10948.0 0.2026223
10950.0 0.2017468
10952.0 0.2008695
10954.0 0.1999878
10956.0 0.1991015
10958.0 0.198212
10960.0 0.1973223
10962.0 0.1964364
10964.0 0.1955577
10966.0 0.1946879
10968.0 0.1938266
10970.0 0.1929714
10972.0 0.1921189
10974.0 0.1912657
10976.0 0.19041
10978.0 0.1895515
10980.0 0.188692
10982.0 0.1878339
10984.0 0.18698
10986.0 0.1861325
10988.0 0.185292
10990.0 0.1844583
10992.0 0.18363
10994.0 0.182805
10996.0 0.1819811
10998.0 0.1811564
11000.0 0.1803296
11002.0 0.1795007
11004.0 0.1786707
11006.0 0.1778414
11008.0 0.1770148
11010.0 0.1761926
11012.0 0.1753752
11014.0 0.1745623
11016.0 0.1737529
11018.0 0.1729457
11020.0 0.1721404
11022.0 0.1713374
11024.0 0.1705384
11026.0 0.1697449
11028.0 0.1689581
11030.0 0.1681779
11032.0 0.1674025
11034.0 0.1666292
11036.0 0.1658547
11038.0 0.1650767
11040.0 0.1642941
11042.0 0.1635078
11044.0 0.1627201
11046.0 0.1619339
11048.0 0.1611521
11050.0 0.1603763
11052.0 0.159607
11054.0 0.1588433
11056.0 0.158084
11058.0 0.1573277
11060.0 0.1565734
11062.0 0.1558205
11064.0 0.155069
11066.0 0.1543191
11068.0 0.1535708
11070.0 0.1528249
11072.0 0.1520822
11074.0 0.1513436
11076.0 0.1506103
11078.0 0.1498823
11080.0 0.1491585
11082.0 0.1484366
11084.0 0.1477134
11086.0 0.1469865
11088.0 0.1462543
11090.0 0.1455178
11092.0 0.1447798
11094.0 0.1440444
11096.0 0.1433156
11098.0 0.142596
11100.0 0.1418864
11102.0 0.1411853
11104.0 0.1404897
11106.0 0.1397961
11108.0 0.1391013
11110.0 0.1384035
11112.0 0.1377025
11114.0 0.1369996
11116.0 0.1362971
11118.0 0.1355975
11120.0 0.1349031
11122.0 0.134215
11124.0 0.1335332
11126.0 0.1328564
11128.0 0.1321828
11130.0 0.1315103
11132.0 0.1308376
11134.0 0.1301639
11136.0 0.1294892
11138.0 0.1288144
11140.0 0.1281403
11142.0 0.1274676
11144.0 0.1267969
11146.0 0.1261282
11148.0 0.1254619
11150.0 0.1247984
11152.0 0.1241388
11154.0 0.1234842
11156.0 0.1228359
11158.0 0.1221942
11160.0 0.1215581
11162.0 0.120926
11164.0 0.1202951
11166.0 0.1196633
11168.0 0.119029
11170.0 0.1183922
11172.0 0.1177546
11174.0 0.1171183
11176.0 0.1164859
11178.0 0.1158589
11180.0 0.1152377
11182.0 0.1146213
11184.0 0.1140078
11186.0 0.1133952
11188.0 0.112782
11190.0 0.112168
11192.0 0.1115535
11194.0 0.1109399
11196.0 0.1103286
11198.0 0.1097207
11200.0 0.1091169
11202.0 0.1085176
11204.0 0.1079228
11206.0 0.1073322
11208.0 0.1067454
11210.0 0.1061617
11212.0 0.1055803
11214.0 0.105
11216.0 0.1044202
11218.0 0.1038404
11220.0 0.1032609
11222.0 0.1026823
11224.0 0.1021055
11226.0 0.1015312
11228.0 0.1009595
11230.0 0.10039
11232.0 0.09982221
11234.0 0.09925546
11236.0 0.0986894
11238.0 0.09812414
11240.0 0.09756033
11242.0 0.09699911
11244.0 0.09644172
11246.0 0.09588933
11248.0 0.0953427
11250.0 0.09480197
11252.0 0.09426646
11254.0 0.09373475
11256.0 0.09320492
11258.0 0.09267505
11260.0 0.09214371
11262.0 0.09161042
11264.0 0.09107571
11266.0 0.09054114
11268.0 0.09000863
11270.0 0.08948002
11272.0 0.08895648
11274.0 0.08843832
11276.0 0.08792499
11278.0 0.08741535
11280.0 0.08690822
11282.0 0.08640267
11284.0 0.08589831
11286.0 0.08539543
11288.0 0.08489471
11290.0 0.08439702
11292.0 0.08390311
11294.0 0.0834134
11296.0 0.08292791
11298.0 0.08244625
11300.0 0.0819677
11302.0 0.0814914
11304.0 0.08101658
11306.0 0.08054264
11308.0 0.08006935
11310.0 0.07959669
11312.0 0.07912486
11314.0 0.07865408
11316.0 0.07818437
11318.0 0.07771559
11320.0 0.07724744
11322.0 0.07677962
11324.0 0.07631209
11326.0 0.07584507
11328.0 0.07537918
11330.0 0.07491521
11332.0 0.0744541
11334.0 0.07399662
11336.0 0.07354346
11338.0 0.07309506
11340.0 0.07265149
11342.0 0.07221258
11344.0 0.07177766
11346.0 0.07134571
11348.0 0.07091545
11350.0 0.07048563
11352.0 0.07005529
11354.0 0.06962407
11356.0 0.06919211
11358.0 0.06876005
11360.0 0.06832865
11362.0 0.06789854
11364.0 0.06747007
11366.0 0.0670432
11368.0 0.06661768
11370.0 0.06619336
11372.0 0.06577023
11374.0 0.0653486
11376.0 0.06492902
11378.0 0.06451208
11380.0 0.06409832
11382.0 0.06368796
11384.0 0.06328086
11386.0 0.06287648
11388.0 0.06247412
11390.0 0.06207301
11392.0 0.06167266
11394.0 0.06127291
11396.0 0.06087407
11398.0 0.06047685
11400.0 0.06008218
11402.0 0.05969084
11404.0 0.05930331
11406.0 0.05891963
11408.0 0.05853928
11410.0 0.05816144
11412.0 0.05778518
11414.0 0.05740975
11416.0 0.05703485
11418.0 0.0566606
11420.0 0.05628752
11422.0 0.05591642
11424.0 0.05554813
11426.0 0.05518338
11428.0 0.05482261
11430.0 0.05446588
11432.0 0.05411295
11434.0 0.05376323
11436.0 0.05341601
11438.0 0.05307059
11440.0 0.05272649
11442.0 0.05238358
11444.0 0.0520421
11446.0 0.05170249
11448.0 0.05136523
11450.0 0.05103067
11452.0 0.05069877
11454.0 0.05036915
11456.0 0.05004117
11458.0 0.04971415
11460.0 0.04938757
11462.0 0.04906132
11464.0 0.04873564
11466.0 0.04841115
11468.0 0.0480886
11470.0 0.04776862
11472.0 0.04745154
11474.0 0.04713724
11476.0 0.04682517
11478.0 0.04651457
11480.0 0.04620472
11482.0 0.04589504
11484.0 0.04558536
11486.0 0.04527591
11488.0 0.04496721
11490.0 0.04465989
11492.0 0.04435456
11494.0 0.04405171
11496.0 0.04375159
11498.0 0.04345419
11500.0 0.04315924
11502.0 0.04286635
11504.0 0.04257504
11506.0 0.04228488
11508.0 0.04199565
11510.0 0.04170734
11512.0 0.04142018
11514.0 0.04113457
11516.0 0.04085093
11518.0 0.04056967
11520.0 0.04029105
11522.0 0.04001525
11524.0 0.03974229
11526.0 0.0394721
11528.0 0.03920446
11530.0 0.03893899
11532.0 0.03867512
11534.0 0.03841216
11536.0 0.03814942
11538.0 0.03788634
11540.0 0.03762272
11542.0 0.03735874
11544.0 0.037095
11546.0 0.03683234
11548.0 0.0365717
11550.0 0.03631385
11552.0 0.03605919
11554.0 0.03580767
11556.0 0.03555876
11558.0 0.03531166
11560.0 0.0350654
11562.0 0.03481918
11564.0 0.03457262
11566.0 0.03432575
11568.0 0.03407906
11570.0 0.03383334
11572.0 0.0335894
11574.0 0.03334792
11576.0 0.03310927
11578.0 0.0328735
11580.0 0.03264043
11582.0 0.03240971
11584.0 0.03218095
11586.0 0.03195373
11588.0 0.03172767
11590.0 0.03150239
11592.0 0.03127759
11594.0 0.03105307
11596.0 0.03082883
11598.0 0.03060512
11600.0 0.03038235
11602.0 0.03016099
11604.0 0.02994145
11606.0 0.02972394
11608.0 0.02950843
11610.0 0.02929475
11612.0 0.02908268
11614.0 0.02887207
11616.0 0.02866287
11618.0 0.02845517
11620.0 0.02824907
11622.0 0.02804461
11624.0 0.02784164
11626.0 0.02763992
11628.0 0.02743907
11630.0 0.02723885
11632.0 0.02703915
11634.0 0.02684008
11636.0 0.02664196
11638.0 0.02644517
11640.0 0.02625005
11642.0 0.02605678
11644.0 0.02586536
11646.0 0.02567557
11648.0 0.02548718
11650.0 0.02529995
11652.0 0.02511376
11654.0 0.02492857
11656.0 0.02474442
11658.0 0.02456133
11660.0 0.02437926
11662.0 0.02419808
11664.0 0.02401761
11666.0 0.02383767
11668.0 0.02365821
11670.0 0.02347934
11672.0 0.02330132
11674.0 0.02312453
11676.0 0.02294937
11678.0 0.02277617
11680.0 0.02260505
11682.0 0.02243593
11684.0 0.02226856
11686.0 0.02210261
11688.0 0.02193775
11690.0 0.02177372
11692.0 0.02161037
11694.0 0.02144765
11696.0 0.02128556
11698.0 0.02112412
11700.0 0.0209634
11702.0 0.02080351
11704.0 0.02064465
11706.0 0.02048704
11708.0 0.02033092
11710.0 0.02017648
11712.0 0.02002376
11714.0 0.01987268
11716.0 0.01972302
11718.0 0.01957449
11720.0 0.0194268
11722.0 0.01927973
11724.0 0.01913312
11726.0 0.01898695
11728.0 0.01884124
11730.0 0.01869617
11732.0 0.01855192
11734.0 0.01840877
11736.0 0.01826693
11738.0 0.01812652
11740.0 0.01798754
11742.0 0.01784983
11744.0 0.01771312
11746.0 0.01757713
11748.0 0.01744163
11750.0 0.01730654
11752.0 0.01717192
11754.0 0.01703796
11756.0 0.01690491
11758.0 0.016773
11760.0 0.01664241
11762.0 0.01651318
11764.0 0.01638529
11766.0 0.01625863
11768.0 0.01613309
11770.0 0.0160085
11772.0 0.01588476
11774.0 0.01576175
11776.0 0.01563942
11778.0 0.01551775
11780.0 0.01539676
11782.0 0.01527649
11784.0 0.01515698
11786.0 0.01503829
11788.0 0.01492043
11790.0 0.01480343
11792.0 0.01468729
11794.0 0.01457201
11796.0 0.01445758
11798.0 0.01434397
11800.0 0.01423114
11802.0 0.01411905
11804.0 0.01400772
11806.0 0.01389721
11808.0 0.01378762
11810.0 0.01367904
11812.0 0.01357155
11814.0 0.01346512
11816.0 0.01335968
11818.0 0.01325509
11820.0 0.01315123
11822.0 0.01304802
11824.0 0.01294545
11826.0 0.01284356
11828.0 0.01274239
11830.0 0.01264201
11832.0 0.01254239
11834.0 0.0124435
11836.0 0.01234523
11838.0 0.01224753
11840.0 0.01215034
11842.0 0.01205368
11844.0 0.01195764
11846.0 0.01186233
11848.0 0.01176786
11850.0 0.01167427
11852.0 0.01158151
11854.0 0.01148949
11856.0 0.01139809
11858.0 0.01130723
11860.0 0.01121688
11862.0 0.0111271
11864.0 0.01103801
11866.0 0.01094975
11868.0 0.01086241
11870.0 0.01077603
11872.0 0.0106906
11874.0 0.01060604
11876.0 0.01052223
11878.0 0.01043906
11880.0 0.0103564
11882.0 0.01027416
11884.0 0.01019226
11886.0 0.01011066
11888.0 0.01002935
11890.0 0.009948384
11892.0 0.009867863
11894.0 0.009787913
11896.0 0.009708652
11898.0 0.009630192
11900.0 0.009552606
11902.0 0.009475919
11904.0 0.009400115
11906.0 0.009325141
11908.0 0.009250933
11910.0 0.009177413
11912.0 0.009104503
11914.0 0.00903211
11916.0 0.008960152
11918.0 0.008888553
11920.0 0.008817269
11922.0 0.008746299
11924.0 0.008675706
11926.0 0.008605601
11928.0 0.008536121
11930.0 0.00846737
11932.0 0.008399384
11934.0 0.008332109
11936.0 0.00826541
11938.0 0.008199119
11940.0 0.00813309
11942.0 0.008067264
11944.0 0.008001672
11946.0 0.007936428
11948.0 0.007871678
11950.0 0.007807553
11952.0 0.007744128
11954.0 0.007681404
11956.0 0.007619331
11958.0 0.00755783
11960.0 0.007496835
11962.0 0.00743631
11964.0 0.007376243
11966.0 0.00731666
11968.0 0.00725759
11970.0 0.007199067
11972.0 0.007141134
11974.0 0.007083838
11976.0 0.007027235
11978.0 0.006971373
11980.0 0.006916275
11982.0 0.006861899
11984.0 0.006808121
11986.0 0.006754726
11988.0 0.006701444
11990.0 0.006648006
11992.0 0.006594213
11994.0 0.006540003
11996.0 0.00648547
11998.0 0.006430855
12000.0 0.006376478
12002.0 0.006322668
12004.0 0.006269683
12006.0 0.006217676
12008.0 0.006166663
12010.0 0.00611656
12012.0 0.006067215
12014.0 0.006018454
12016.0 0.005970108
12018.0 0.005922045
12020.0 0.005874192
12022.0 0.005826539
12024.0 0.005779132
12026.0 0.005732053
12028.0 0.005685401
12030.0 0.005639258
12032.0 0.005593653
12034.0 0.005548558
12036.0 0.005503896
12038.0 0.005459573
12040.0 0.005415495
12042.0 0.005371609
12044.0 0.005327906
12046.0 0.005284431
12048.0 0.005241256
12050.0 0.005198467
12052.0 0.005156145
12054.0 0.005114353
12056.0 0.005073119
12058.0 0.005032441
12060.0 0.004992278
12062.0 0.004952558
12064.0 0.004913191
12066.0 0.004874069
12068.0 0.004835095
12070.0 0.004796196
12072.0 0.004757347
12074.0 0.004718575
12076.0 0.004679955
12078.0 0.004641591
12080.0 0.004603594
12082.0 0.004566049
12084.0 0.004529007
12086.0 0.004492475
12088.0 0.004456424
12090.0 0.004420792
12092.0 0.004385514
12094.0 0.004350526
12096.0 0.004315778
12098.0 0.004281244
12100.0 0.004246926
12102.0 0.004212839
12104.0 0.004179008
12106.0 0.004145452
12108.0 0.004112178
12110.0 0.004079183
12112.0 0.004046456
12114.0 0.004013992
12116.0 0.003981796
12118.0 0.003949883
12120.0 0.003918267
12122.0 0.00388695
12124.0 0.003855912
12126.0 0.003825122
12128.0 0.003794542
12130.0 0.003764145
12132.0 0.003733931
12134.0 0.003703919
12136.0 0.003674143
12138.0 0.003644627
12140.0 0.003615378
12142.0 0.00358638
12144.0 0.003557601
12146.0 0.003529005
12148.0 0.003500574
12150.0 0.003472319
12152.0 0.003444271
12154.0 0.003416474
12156.0 0.003388968
12158.0 0.003361779
12160.0 0.00333491
12162.0 0.003308348
12164.0 0.003282075
12166.0 0.003256083
12168.0 0.00323037
12170.0 0.003204941
12172.0 0.003179794
12174.0 0.003154906
12176.0 0.003130228
12178.0 0.003105693
12180.0 0.003081242
12182.0 0.003056845
12184.0 0.003032524
12186.0 0.003008351
12188.0 0.002984425
12190.0 0.002960828
12192.0 0.002937602
12194.0 0.002914724
12196.0 0.002892123
12198.0 0.002869703
12200.0 0.002847378
12202.0 0.002825108
12204.0 0.002802895
12206.0 0.002780781
12208.0 0.002758821
12210.0 0.002737069
12212.0 0.002715559
12214.0 0.002694303
12216.0 0.002673299
12218.0 0.002652535
12220.0 0.002631991
12222.0 0.00261165
12224.0 0.002591488
12226.0 0.002571481
12228.0 0.002551603
12230.0 0.002531833
12232.0 0.002512159
12234.0 0.002492581
12236.0 0.002473119
12238.0 0.002453803
12240.0 0.002434672
12242.0 0.00241576
12244.0 0.002397089
12246.0 0.002378667
12248.0 0.00236048
12250.0 0.002342507
12252.0 0.002324717
12254.0 0.00230708
12256.0 0.002289571
12258.0 0.002272176
12260.0 0.002254894
12262.0 0.002237735
12264.0 0.002220718
12266.0 0.002203864
12268.0 0.002187193
12270.0 0.002170714
12272.0 0.002154423
12274.0 0.002138303
12276.0 0.002122331
12278.0 0.00210648
12280.0 0.002090723
12282.0 0.00207504
12284.0 0.002059417
12286.0 0.002043847
12288.0 0.002028343
12290.0 0.00201293
12292.0 0.001997652
12294.0 0.001982561
12296.0 0.001967701
12298.0 0.00195309
12300.0 0.001938711
12302.0 0.00192451
12304.0 0.00191041
12306.0 0.00189634
12308.0 0.001882257
12310.0 0.001868164
12312.0 0.001854103
12314.0 0.001840148
12316.0 0.001826373
12318.0 0.001812831
12320.0 0.001799534
12322.0 0.001786453
12324.0 0.001773533
12326.0 0.001760708
12328.0 0.001747919
12330.0 0.001735135
12332.0 0.001722355
12334.0 0.001709606
12336.0 0.001696925
12338.0 0.001684351
12340.0 0.001671915
12342.0 0.001659633
12344.0 0.001647514
12346.0 0.001635562
12348.0 0.00162378
12350.0 0.001612167
12352.0 0.001600714
12354.0 0.001589398
12356.0 0.001578189
12358.0 0.001567056
12360.0 0.001555976
12362.0 0.001544938
12364.0 0.001533949
12366.0 0.001523027
12368.0 0.001512187
12370.0 0.001501438
12372.0 0.001490782
12374.0 0.001480213
12376.0 0.001469722
12378.0 0.001459306
12380.0 0.001448966
12382.0 0.001438708
12384.0 0.001428538
12386.0 0.001418459
12388.0 0.001408472
12390.0 0.001398576
12392.0 0.001388775
12394.0 0.001379076
12396.0 0.001369494
12398.0 0.001360044
12400.0 0.001350731
12402.0 0.001341552
12404.0 0.001332488
12406.0 0.001323508
12408.0 0.00131458
12410.0 0.001305677
12412.0 0.001296787
12414.0 0.001287919
12416.0 0.001279094
12418.0 0.00127034
12420.0 0.001261681
12422.0 0.001253132
12424.0 0.001244691
12426.0 0.001236354
12428.0 0.001228114
12430.0 0.00121997
12432.0 0.001211922
12434.0 0.001203973
12436.0 0.001196114
12438.0 0.001188325
12440.0 0.001180579
12442.0 0.001172851
12444.0 0.001165123
12446.0 0.001157398
12448.0 0.001149692
12450.0 0.001142033
12452.0 0.001134443
12454.0 0.001126935
12456.0 0.001119513
12458.0 0.001112166
12460.0 0.001104884
12462.0 0.001097657
12464.0 0.001090479
12466.0 0.001083348
12468.0 0.001076269
12470.0 0.001069246
12472.0 0.001062288
12474.0 0.001055403
12476.0 0.001048599
12478.0 0.001041876
12480.0 0.001035234
12482.0 0.001028666
12484.0 0.001022168
12486.0 0.001015735
12488.0 0.001009377
12490.0 0.001003104
12492.0 0.000996932
12494.0 0.00099087
12496.0 0.000984922
12498.0 0.000979076
12500.0 0.000973302
12502.0 0.000967562
12504.0 0.000961811
12506.0 0.000956008
12508.0 0.000950122
12510.0 0.000944141
12512.0 0.000938081
12514.0 0.000931978
12516.0 0.000925885
12518.0 0.000919863
12520.0 0.000913967
12522.0 0.000908237
12524.0 0.000902686
12526.0 0.000897309
12528.0 0.000892078
12530.0 0.000886954
12532.0 0.000881898
12534.0 0.000876874
12536.0 0.000871857
12538.0 0.000866833
12540.0 0.000861798
12542.0 0.000856756
12544.0 0.000851718
12546.0 0.000846693
12548.0 0.000841689
12550.0 0.00083671
12552.0 0.000831759
12554.0 0.000826835
12556.0 0.000821933
12558.0 0.000817053
12560.0 0.000812199
12562.0 0.00080738
12564.0 0.000802612
12566.0 0.000797917
12568.0 0.000793314
12570.0 0.000788815
12572.0 0.000784419
12574.0 0.000780107
12576.0 0.00077585
12578.0 0.000771613
12580.0 0.000767372
12582.0 0.000763119
12584.0 0.000758867
12586.0 0.000754642
12588.0 0.000750474
12590.0 0.000746384
12592.0 0.000742373
12594.0 0.000738422
12596.0 0.000734503
12598.0 0.000730584
12600.0 0.000726645
12602.0 0.000722684
12604.0 0.000718718
12606.0 0.000714773
12608.0 0.000710877
12610.0 0.000707048
12612.0 0.000703291
12614.0 0.000699599
12616.0 0.000695956
12618.0 0.000692346
12620.0 0.000688756
12622.0 0.000685186
12624.0 0.000681643
12626.0 0.000678142
12628.0 0.000674694
12630.0 0.000671306
12632.0 0.000667973
12634.0 0.000664675
12636.0 0.000661389
12638.0 0.000658096
12640.0 0.000654787
12642.0 0.000651473
12644.0 0.000648175
12646.0 0.000644922
12648.0 0.000641733
12650.0 0.000638614
12652.0 0.000635554
12654.0 0.000632532
12656.0 0.000629526
12658.0 0.000626523
12660.0 0.000623521
12662.0 0.000620523
12664.0 0.000617539
12666.0 0.000614573
12668.0 0.000611627
12670.0 0.000608695
12672.0 0.000605777
12674.0 0.000602869
12676.0 0.000599974
12678.0 0.000597094
12680.0 0.000594229
12682.0 0.000591379
12684.0 0.00058855
12686.0 0.000585752
12688.0 0.000583007
12690.0 0.000580339
12692.0 0.000577767
12694.0 0.000575293
12696.0 0.0005729
12698.0 0.000570553
12700.0 0.00056821
12702.0 0.00056583
12704.0 0.00056339
12706.0 0.000560886
12708.0 0.00055833
12710.0 0.000555748
12712.0 0.000553167
12714.0 0.000550612
12716.0 0.000548103
12718.0 0.000545652
12720.0 0.000543267
12722.0 0.000540948
12724.0 0.000538686
12726.0 0.000536471
12728.0 0.000534288
12730.0 0.000532126
12732.0 0.000529982
12734.0 0.000527857
12736.0 0.000525758
12738.0 0.000523683
12740.0 0.000521629
12742.0 0.000519586
12744.0 0.000517542
12746.0 0.000515493
12748.0 0.000513446
12750.0 0.000511418
12752.0 0.000509432
12754.0 0.000507507
12756.0 0.000505649
12758.0 0.000503845
12760.0 0.000502069
12762.0 0.000500289
12764.0 0.000498476
12766.0 0.000496614
12768.0 0.000494701
12770.0 0.000492753
12772.0 0.00049079
12774.0 0.000488835
12776.0 0.000486905
12778.0 0.000485013
12780.0 0.000483163
12782.0 0.000481355
12784.0 0.00047959
12786.0 0.000477864
12788.0 0.000476178
12790.0 0.000474532
12792.0 0.000472922
12794.0 0.000471342
12796.0 0.000469781
12798.0 0.000468228
12800.0 0.000466667
12802.0 0.000465093
12804.0 0.000463509
12806.0 0.000461925
12808.0 0.000460359
12810.0 0.000458827
12812.0 0.000457334
12814.0 0.000455876
12816.0 0.00045444
12818.0 0.000453011
12820.0 0.000451581
12822.0 0.000450149
12824.0 0.000448722
12826.0 0.000447311
12828.0 0.000445922
12830.0 0.000444549
12832.0 0.000443188
12834.0 0.000441829
12836.0 0.000440466
12838.0 0.000439103
12840.0 0.000437748
12842.0 0.000436407
12844.0 0.000435085
12846.0 0.000433779
12848.0 0.000432485
12850.0 0.000431197
12852.0 0.000429914
12854.0 0.000428644
12856.0 0.000427396
12858.0 0.000426182
12860.0 0.000425012
12862.0 0.000423892
12864.0 0.000422819
12866.0 0.000421785
12868.0 0.000420781
12870.0 0.00041979
12872.0 0.000418795
12874.0 0.000417777
12876.0 0.00041672
12878.0 0.000415614
12880.0 0.000414458
12882.0 0.000413261
12884.0 0.000412045
12886.0 0.000410835
12888.0 0.000409659
12890.0 0.000408541
12892.0 0.00040749
12894.0 0.000406509
12896.0 0.000405586
12898.0 0.000404697
12900.0 0.000403814
12902.0 0.000402913
12904.0 0.000401977
12906.0 0.000401007
12908.0 0.000400018
12910.0 0.000399037
12912.0 0.000398097
12914.0 0.000397219
12916.0 0.000396411
12918.0 0.000395664
12920.0 0.000394955
12922.0 0.000394261
12924.0 0.000393562
12926.0 0.000392848
12928.0 0.000392123
12930.0 0.000391393
12932.0 0.000390666
12934.0 0.000389944
12936.0 0.000389222
12938.0 0.00038849
12940.0 0.000387736
12942.0 0.000386952
12944.0 0.000386137
12946.0 0.0003853
12948.0 0.000384453
12950.0 0.000383618
12952.0 0.000382815
12954.0 0.000382066
12956.0 0.000381384
12958.0 0.000380777
12960.0 0.000380239
12962.0 0.00037975
12964.0 0.000379282
12966.0 0.000378803
12968.0 0.000378284
12970.0 0.000377705
12972.0 0.000377062
12974.0 0.000376306
12976.0 0.000375598
12978.0 0.000375181
12980.0 0.000375419
12982.0 0.000376729
12984.0 0.000379341
12986.0 0.000382919
12988.0 0.000386154
12990.0 0.000386572
12992.0 0.000380764
12994.0 0.000365132
12996.0 0.000337009
12998.0 0.000295793
13000.0 0.000243611
13002.0 0.0
