1998.0 0.0
2000.0 7.05e-07
2002.0 1.016e-06
2004.0 1.303e-06
2006.0 1.522e-06
2008.0 1.641e-06
2010.0 1.654e-06
2012.0 1.581e-06
2014.0 1.462e-06
2016.0 1.35e-06
2018.0 1.292e-06
2020.0 1.319e-06
2022.0 1.435e-06
2024.0 1.619e-06
2026.0 1.824e-06
2028.0 1.993e-06
2030.0 2.071e-06
2032.0 2.025e-06
2034.0 1.846e-06
2036.0 1.563e-06
2038.0 1.225e-06
2040.0 8.98e-07
2042.0 6.38e-07
2044.0 4.9e-07
2046.0 4.7e-07
2048.0 5.73e-07
2050.0 7.73e-07
2052.0 1.03e-06
2054.0 1.299e-06
2056.0 1.535e-06
2058.0 1.699e-06
2060.0 1.766e-06
2062.0 1.728e-06
2064.0 1.598e-06
2066.0 1.413e-06
2068.0 1.219e-06
2070.0 1.068e-06
2072.0 1.001e-06
2074.0 1.037e-06
2076.0 1.165e-06
2078.0 1.35e-06
2080.0 1.541e-06
2082.0 1.687e-06
2084.0 1.753e-06
2086.0 1.729e-06
2088.0 1.63e-06
2090.0 1.492e-06
2092.0 1.356e-06
2094.0 1.254e-06
2096.0 1.2e-06
2098.0 1.185e-06
2100.0 1.186e-06
2102.0 1.175e-06
2104.0 1.133e-06
2106.0 1.059e-06
2108.0 9.71e-07
2110.0 8.98e-07
2112.0 8.71e-07
2114.0 9.06e-07
2116.0 9.99e-07
2118.0 1.131e-06
2120.0 1.273e-06
2122.0 1.398e-06
2124.0 1.49e-06
2126.0 1.548e-06
2128.0 1.582e-06
2130.0 1.604e-06
2132.0 1.622e-06
2134.0 1.636e-06
2136.0 1.644e-06
2138.0 1.642e-06
2140.0 1.625e-06
2142.0 1.593e-06
2144.0 1.543e-06
2146.0 1.472e-06
2148.0 1.372e-06
2150.0 1.242e-06
2152.0 1.088e-06
2154.0 9.24e-07
2156.0 7.74e-07
2158.0 6.63e-07
2160.0 6.06e-07
2162.0 6.07e-07
2164.0 6.54e-07
2166.0 7.2e-07
2168.0 7.8e-07
2170.0 8.08e-07
2172.0 7.93e-07
2174.0 7.37e-07
2176.0 6.5e-07
2178.0 5.53e-07
2180.0 4.63e-07
2182.0 3.97e-07
2184.0 3.63e-07
2186.0 3.63e-07
2188.0 3.91e-07
2190.0 4.36e-07
2192.0 4.86e-07
2194.0 5.3e-07
2196.0 5.63e-07
2198.0 5.8e-07
2200.0 5.85e-07
2202.0 5.78e-07
2204.0 5.63e-07
2206.0 5.4e-07
2208.0 5.1e-07
2210.0 4.72e-07
2212.0 4.31e-07
2214.0 3.93e-07
2216.0 3.71e-07
2218.0 3.79e-07
2220.0 4.26e-07
2222.0 5.18e-07
2224.0 6.48e-07
2226.0 7.97e-07
2228.0 9.4e-07
2230.0 1.049e-06
2232.0 1.107e-06
2234.0 1.106e-06
2236.0 1.059e-06
2238.0 9.88e-07
2240.0 9.18e-07
2242.0 8.74e-07
2244.0 8.65e-07
2246.0 8.9e-07
2248.0 9.37e-07
2250.0 9.87e-07
2252.0 1.022e-06
2254.0 1.027e-06
2256.0 9.99e-07
2258.0 9.4e-07
2260.0 8.62e-07
2262.0 7.82e-07
2264.0 7.21e-07
2266.0 6.98e-07
2268.0 7.23e-07
2270.0 7.96e-07
2272.0 9.04e-07
2274.0 1.024e-06
2276.0 1.133e-06
2278.0 1.209e-06
2280.0 1.242e-06
2282.0 1.233e-06
2284.0 1.192e-06
2286.0 1.132e-06
2288.0 1.063e-06
2290.0 9.89e-07
2292.0 9.11e-07
2294.0 8.26e-07
2296.0 7.35e-07
2298.0 6.41e-07
2300.0 5.52e-07
2302.0 4.76e-07
2304.0 4.2e-07
2306.0 3.88e-07
2308.0 3.79e-07
2310.0 3.9e-07
2312.0 4.13e-07
2314.0 4.43e-07
2316.0 4.69e-07
2318.0 4.85e-07
2320.0 4.9e-07
2322.0 4.84e-07
2324.0 4.74e-07
2326.0 4.72e-07
2328.0 4.86e-07
2330.0 5.18e-07
2332.0 5.64e-07
2334.0 6.08e-07
2336.0 6.33e-07
2338.0 6.23e-07
2340.0 5.73e-07
2342.0 4.92e-07
2344.0 4.01e-07
2346.0 3.32e-07
2348.0 3.11e-07
2350.0 3.56e-07
2352.0 4.69e-07
2354.0 6.31e-07
2356.0 8.12e-07
2358.0 9.72e-07
2360.0 1.077e-06
2362.0 1.105e-06
2364.0 1.048e-06
2366.0 9.21e-07
2368.0 7.47e-07
2370.0 5.63e-07
2372.0 4.01e-07
2374.0 2.92e-07
2376.0 2.54e-07
2378.0 2.91e-07
2380.0 3.94e-07
2382.0 5.43e-07
2384.0 7.08e-07
2386.0 8.55e-07
2388.0 9.56e-07
2390.0 9.9e-07
2392.0 9.52e-07
2394.0 8.52e-07
2396.0 7.13e-07
2398.0 5.68e-07
2400.0 4.51e-07
2402.0 3.9e-07
2404.0 4.06e-07
2406.0 5.06e-07
2408.0 6.84e-07
2410.0 9.21e-07
2412.0 1.185e-06
2414.0 1.439e-06
2416.0 1.641e-06
2418.0 1.76e-06
2420.0 1.777e-06
2422.0 1.691e-06
2424.0 1.522e-06
2426.0 1.305e-06
2428.0 1.08e-06
2430.0 8.84e-07
2432.0 7.44e-07
2434.0 6.72e-07
2436.0 6.63e-07
2438.0 6.96e-07
2440.0 7.49e-07
2442.0 7.95e-07
2444.0 8.18e-07
2446.0 8.12e-07
2448.0 7.8e-07
2450.0 7.36e-07
2452.0 6.94e-07
2454.0 6.71e-07
2456.0 6.73e-07
2458.0 6.99e-07
2460.0 7.41e-07
2462.0 7.84e-07
2464.0 8.17e-07
2466.0 8.31e-07
2468.0 8.26e-07
2470.0 8.08e-07
2472.0 7.87e-07
2474.0 7.72e-07
2476.0 7.69e-07
2478.0 7.8e-07
2480.0 8.01e-07
2482.0 8.27e-07
2484.0 8.52e-07
2486.0 8.74e-07
2488.0 8.91e-07
2490.0 9.01e-07
2492.0 9.02e-07
2494.0 8.93e-07
2496.0 8.7e-07
2498.0 8.34e-07
2500.0 7.9e-07
2502.0 7.46e-07
2504.0 7.16e-07
2506.0 7.13e-07
2508.0 7.44e-07
2510.0 8.11e-07
2512.0 9.04e-07
2514.0 1.008e-06
2516.0 1.101e-06
2518.0 1.166e-06
2520.0 1.189e-06
2522.0 1.165e-06
2524.0 1.097e-06
2526.0 9.96e-07
2528.0 8.79e-07
2530.0 7.64e-07
2532.0 6.7e-07
2534.0 6.09e-07
2536.0 5.91e-07
2538.0 6.17e-07
2540.0 6.81e-07
2542.0 7.75e-07
2544.0 8.85e-07
2546.0 9.99e-07
2548.0 1.1e-06
2550.0 1.174e-06
2552.0 1.206e-06
2554.0 1.187e-06
2556.0 1.111e-06
2558.0 9.85e-07
2560.0 8.26e-07
2562.0 6.57e-07
2564.0 5.07e-07
2566.0 4.02e-07
2568.0 3.57e-07
2570.0 3.75e-07
2572.0 4.43e-07
2574.0 5.37e-07
2576.0 6.28e-07
2578.0 6.91e-07
2580.0 7.11e-07
2582.0 6.87e-07
2584.0 6.36e-07
2586.0 5.82e-07
2588.0 5.5e-07
2590.0 5.64e-07
2592.0 6.34e-07
2594.0 7.59e-07
2596.0 9.27e-07
2598.0 1.116e-06
2600.0 1.3e-06
2602.0 1.449e-06
2604.0 1.538e-06
2606.0 1.549e-06
2608.0 1.474e-06
2610.0 1.321e-06
2612.0 1.11e-06
2614.0 8.76e-07
2616.0 6.52e-07
2618.0 4.72e-07
2620.0 3.56e-07
2622.0 3.15e-07
2624.0 3.47e-07
2626.0 4.4e-07
2628.0 5.77e-07
2630.0 7.38e-07
2632.0 9.06e-07
2634.0 1.059e-06
2636.0 1.183e-06
2638.0 1.265e-06
2640.0 1.299e-06
2642.0 1.285e-06
2644.0 1.231e-06
2646.0 1.151e-06
2648.0 1.063e-06
2650.0 9.81e-07
2652.0 9.15e-07
2654.0 8.66e-07
2656.0 8.28e-07
2658.0 7.89e-07
2660.0 7.43e-07
2662.0 6.89e-07
2664.0 6.37e-07
2666.0 6.05e-07
2668.0 6.12e-07
2670.0 6.71e-07
2672.0 7.8e-07
2674.0 9.22e-07
2676.0 1.069e-06
2678.0 1.19e-06
2680.0 1.264e-06
2682.0 1.281e-06
2684.0 1.25e-06
2686.0 1.19e-06
2688.0 1.124e-06
2690.0 1.067e-06
2692.0 1.028e-06
2694.0 1.006e-06
2696.0 9.95e-07
2698.0 9.91e-07
2700.0 9.95e-07
2702.0 1.009e-06
2704.0 1.034e-06
2706.0 1.067e-06
2708.0 1.1e-06
2710.0 1.122e-06
2712.0 1.124e-06
2714.0 1.103e-06
2716.0 1.063e-06
2718.0 1.015e-06
2720.0 9.73e-07
2722.0 9.5e-07
2724.0 9.6e-07
2726.0 1.009e-06
2728.0 1.101e-06
2730.0 1.232e-06
2732.0 1.392e-06
2734.0 1.565e-06
2736.0 1.729e-06
2738.0 1.863e-06
2740.0 1.945e-06
2742.0 1.964e-06
2744.0 1.915e-06
2746.0 1.806e-06
2748.0 1.653e-06
2750.0 1.475e-06
2752.0 1.292e-06
2754.0 1.119e-06
2756.0 9.69e-07
2758.0 8.47e-07
2760.0 7.59e-07
2762.0 7.1e-07
2764.0 7.06e-07
2766.0 7.47e-07
2768.0 8.26e-07
2770.0 9.29e-07
2772.0 1.036e-06
2774.0 1.132e-06
2776.0 1.205e-06
2778.0 1.258e-06
2780.0 1.3e-06
2782.0 1.344e-06
2784.0 1.397e-06
2786.0 1.455e-06
2788.0 1.507e-06
2790.0 1.539e-06
2792.0 1.539e-06
2794.0 1.509e-06
2796.0 1.458e-06
2798.0 1.396e-06
2800.0 1.333e-06
2802.0 1.267e-06
2804.0 1.19e-06
2806.0 1.09e-06
2808.0 9.64e-07
2810.0 8.22e-07
2812.0 6.91e-07
2814.0 6.06e-07
2816.0 6.04e-07
2818.0 7.08e-07
2820.0 9.15e-07
2822.0 1.199e-06
2824.0 1.513e-06
2826.0 1.805e-06
2828.0 2.033e-06
2830.0 2.17e-06
2832.0 2.215e-06
2834.0 2.18e-06
2836.0 2.087e-06
2838.0 1.956e-06
2840.0 1.804e-06
2842.0 1.644e-06
2844.0 1.491e-06
2846.0 1.361e-06
2848.0 1.269e-06
2850.0 1.222e-06
2852.0 1.217e-06
2854.0 1.232e-06
2856.0 1.238e-06
2858.0 1.204e-06
2860.0 1.114e-06
2862.0 9.69e-07
2864.0 7.93e-07
2866.0 6.22e-07
2868.0 4.93e-07
2870.0 4.32e-07
2872.0 4.5e-07
2874.0 5.43e-07
2876.0 6.98e-07
2878.0 9.03e-07
2880.0 1.148e-06
2882.0 1.432e-06
2884.0 1.752e-06
2886.0 2.099e-06
2888.0 2.454e-06
2890.0 2.788e-06
2892.0 3.068e-06
2894.0 3.266e-06
2896.0 3.366e-06
2898.0 3.372e-06
2900.0 3.304e-06
2902.0 3.194e-06
2904.0 3.072e-06
2906.0 2.958e-06
2908.0 2.859e-06
2910.0 2.763e-06
2912.0 2.651e-06
2914.0 2.5e-06
2916.0 2.298e-06
2918.0 2.046e-06
2920.0 1.763e-06
2922.0 1.484e-06
2924.0 1.25e-06
2926.0 1.106e-06
2928.0 1.09e-06
2930.0 1.222e-06
2932.0 1.503e-06
2934.0 1.909e-06
2936.0 2.394e-06
2938.0 2.893e-06
2940.0 3.341e-06
2942.0 3.679e-06
2944.0 3.871e-06
2946.0 3.91e-06
2948.0 3.816e-06
2950.0 3.629e-06
2952.0 3.395e-06
2954.0 3.159e-06
2956.0 2.952e-06
2958.0 2.796e-06
2960.0 2.703e-06
2962.0 2.677e-06
2964.0 2.72e-06
2966.0 2.821e-06
2968.0 2.961e-06
2970.0 3.103e-06
2972.0 3.202e-06
2974.0 3.213e-06
2976.0 3.103e-06
2978.0 2.867e-06
2980.0 2.536e-06
2982.0 2.17e-06
2984.0 1.843e-06
2986.0 1.627e-06
2988.0 1.568e-06
2990.0 1.683e-06
2992.0 1.951e-06
2994.0 2.328e-06
2996.0 2.761e-06
2998.0 3.199e-06
3000.0 3.604e-06
3002.0 3.948e-06
3004.0 4.204e-06
3006.0 4.351e-06
3008.0 4.375e-06
3010.0 4.275e-06
3012.0 4.074e-06
3014.0 3.82e-06
3016.0 3.572e-06
3018.0 3.384e-06
3020.0 3.287e-06
3022.0 3.278e-06
3024.0 3.325e-06
3026.0 3.384e-06
3028.0 3.414e-06
3030.0 3.399e-06
3032.0 3.349e-06
3034.0 3.295e-06
3036.0 3.275e-06
3038.0 3.316e-06
3040.0 3.413e-06
3042.0 3.531e-06
3044.0 3.616e-06
3046.0 3.602e-06
3048.0 3.445e-06
3050.0 3.135e-06
3052.0 2.708e-06
3054.0 2.232e-06
3056.0 1.788e-06
3058.0 1.434e-06
3060.0 1.192e-06
3062.0 1.045e-06
3064.0 9.51e-07
3066.0 8.75e-07
3068.0 8.12e-07
3070.0 8.03e-07
3072.0 9.14e-07
3074.0 1.213e-06
3076.0 1.737e-06
3078.0 2.458e-06
3080.0 3.286e-06
3082.0 4.087e-06
3084.0 4.719e-06
3086.0 5.08e-06
3088.0 5.135e-06
3090.0 4.933e-06
3092.0 4.588e-06
3094.0 4.24e-06
3096.0 4.018e-06
3098.0 3.993e-06
3100.0 4.164e-06
3102.0 4.462e-06
3104.0 4.775e-06
3106.0 4.985e-06
3108.0 5.01e-06
3110.0 4.827e-06
3112.0 4.464e-06
3114.0 3.996e-06
3116.0 3.513e-06
3118.0 3.096e-06
3120.0 2.807e-06
3122.0 2.681e-06
3124.0 2.735e-06
3126.0 2.964e-06
3128.0 3.35e-06
3130.0 3.862e-06
3132.0 4.45e-06
3134.0 5.057e-06
3136.0 5.622e-06
3138.0 6.091e-06
3140.0 6.422e-06
3142.0 6.581e-06
3144.0 6.56e-06
3146.0 6.374e-06
3148.0 6.06e-06
3150.0 5.68e-06
3152.0 5.302e-06
3154.0 4.999e-06
3156.0 4.817e-06
3158.0 4.771e-06
3160.0 4.845e-06
3162.0 4.999e-06
3164.0 5.17e-06
3166.0 5.303e-06
3168.0 5.353e-06
3170.0 5.303e-06
3172.0 5.174e-06
3174.0 5.019e-06
3176.0 4.922e-06
3178.0 4.973e-06
3180.0 5.243e-06
3182.0 5.76e-06
3184.0 6.491e-06
3186.0 7.332e-06
3188.0 8.135e-06
3190.0 8.737e-06
3192.0 9.012e-06
3194.0 8.902e-06
3196.0 8.445e-06
3198.0 7.774e-06
3200.0 7.071e-06
3202.0 6.527e-06
3204.0 6.274e-06
3206.0 6.359e-06
3208.0 6.723e-06
3210.0 7.232e-06
3212.0 7.725e-06
3214.0 8.054e-06
3216.0 8.137e-06
3218.0 7.982e-06
3220.0 7.669e-06
3222.0 7.323e-06
3224.0 7.077e-06
3226.0 7.023e-06
3228.0 7.186e-06
3230.0 7.515e-06
3232.0 7.915e-06
3234.0 8.283e-06
3236.0 8.553e-06
3238.0 8.721e-06
3240.0 8.837e-06
3242.0 8.968e-06
3244.0 9.152e-06
3246.0 9.371e-06
3248.0 9.543e-06
3250.0 9.557e-06
3252.0 9.311e-06
3254.0 8.771e-06
3256.0 7.993e-06
3258.0 7.11e-06
3260.0 6.291e-06
3262.0 5.692e-06
3264.0 5.403e-06
3266.0 5.424e-06
3268.0 5.674e-06
3270.0 6.013e-06
3272.0 6.292e-06
3274.0 6.401e-06
3276.0 6.291e-06
3278.0 5.985e-06
3280.0 5.569e-06
3282.0 5.15e-06
3284.0 4.827e-06
3286.0 4.657e-06
3288.0 4.643e-06
3290.0 4.756e-06
3292.0 4.948e-06
3294.0 5.189e-06
3296.0 5.472e-06
3298.0 5.81e-06
3300.0 6.212e-06
3302.0 6.664e-06
3304.0 7.126e-06
3306.0 7.538e-06
3308.0 7.849e-06
3310.0 8.044e-06
3312.0 8.155e-06
3314.0 8.242e-06
3316.0 8.358e-06
3318.0 8.54e-06
3320.0 8.793e-06
3322.0 9.068e-06
3324.0 9.289e-06
3326.0 9.385e-06
3328.0 9.304e-06
3330.0 9.041e-06
3332.0 8.662e-06
3334.0 8.296e-06
3336.0 8.101e-06
3338.0 8.209e-06
3340.0 8.672e-06
3342.0 9.42e-06
3344.0 1.0261e-05
3346.0 1.0948e-05
3348.0 1.126e-05
3350.0 1.1071e-05
3352.0 1.042e-05
3354.0 9.476e-06
3356.0 8.48e-06
3358.0 7.659e-06
3360.0 7.163e-06
3362.0 7.034e-06
3364.0 7.224e-06
3366.0 7.634e-06
3368.0 8.152e-06
3370.0 8.684e-06
3372.0 9.166e-06
3374.0 9.553e-06
3376.0 9.837e-06
3378.0 1.0043e-05
3380.0 1.0217e-05
3382.0 1.043e-05
3384.0 1.0743e-05
3386.0 1.1183e-05
3388.0 1.1734e-05
3390.0 1.2326e-05
3392.0 1.2868e-05
3394.0 1.3266e-05
3396.0 1.3463e-05
3398.0 1.3426e-05
3400.0 1.3147e-05
3402.0 1.2641e-05
3404.0 1.1938e-05
3406.0 1.1088e-05
3408.0 1.0177e-05
3410.0 9.338e-06
3412.0 8.704e-06
3414.0 8.404e-06
3416.0 8.518e-06
3418.0 9.051e-06
3420.0 9.944e-06
3422.0 1.1089e-05
3424.0 1.2355e-05
3426.0 1.3606e-05
3428.0 1.471e-05
3430.0 1.5522e-05
3432.0 1.5907e-05
3434.0 1.5779e-05
3436.0 1.5115e-05
3438.0 1.3992e-05
3440.0 1.2605e-05
3442.0 1.1223e-05
3444.0 1.0116e-05
3446.0 9.487e-06
3448.0 9.42e-06
3450.0 9.863e-06
3452.0 1.0651e-05
3454.0 1.1565e-05
3456.0 1.2395e-05
3458.0 1.2998e-05
3460.0 1.3301e-05
3462.0 1.3292e-05
3464.0 1.3022e-05
3466.0 1.2576e-05
3468.0 1.2049e-05
3470.0 1.1526e-05
3472.0 1.108e-05
3474.0 1.0738e-05
3476.0 1.0486e-05
3478.0 1.0276e-05
3480.0 1.0055e-05
3482.0 9.786e-06
3484.0 9.483e-06
3486.0 9.202e-06
3488.0 9.029e-06
3490.0 9.057e-06
3492.0 9.343e-06
3494.0 9.88e-06
3496.0 1.0612e-05
3498.0 1.1442e-05
3500.0 1.2257e-05
3502.0 1.2959e-05
3504.0 1.35e-05
3506.0 1.3868e-05
3508.0 1.409e-05
3510.0 1.4222e-05
3512.0 1.4321e-05
3514.0 1.4436e-05
3516.0 1.4581e-05
3518.0 1.4746e-05
3520.0 1.4907e-05
3522.0 1.5046e-05
3524.0 1.5147e-05
3526.0 1.5218e-05
3528.0 1.5284e-05
3530.0 1.5367e-05
3532.0 1.5478e-05
3534.0 1.5613e-05
3536.0 1.5755e-05
3538.0 1.5875e-05
3540.0 1.5942e-05
3542.0 1.5938e-05
3544.0 1.5861e-05
3546.0 1.573e-05
3548.0 1.5579e-05
3550.0 1.5447e-05
3552.0 1.5367e-05
3554.0 1.5351e-05
3556.0 1.5381e-05
3558.0 1.5415e-05
3560.0 1.5408e-05
3562.0 1.5324e-05
3564.0 1.5154e-05
3566.0 1.4927e-05
3568.0 1.4703e-05
3570.0 1.4553e-05
3572.0 1.4529e-05
3574.0 1.4648e-05
3576.0 1.4882e-05
3578.0 1.5166e-05
3580.0 1.5426e-05
3582.0 1.5601e-05
3584.0 1.5676e-05
3586.0 1.5678e-05
3588.0 1.5663e-05
3590.0 1.5692e-05
3592.0 1.5798e-05
3594.0 1.5968e-05
3596.0 1.6149e-05
3598.0 1.6269e-05
3600.0 1.626e-05
3602.0 1.609e-05
3604.0 1.5774e-05
3606.0 1.5365e-05
3608.0 1.4933e-05
3610.0 1.455e-05
3612.0 1.4262e-05
3614.0 1.4094e-05
3616.0 1.4047e-05
3618.0 1.4113e-05
3620.0 1.4277e-05
3622.0 1.4516e-05
3624.0 1.4803e-05
3626.0 1.5098e-05
3628.0 1.5352e-05
3630.0 1.5525e-05
3632.0 1.5589e-05
3634.0 1.5544e-05
3636.0 1.5417e-05
3638.0 1.5249e-05
3640.0 1.5081e-05
3642.0 1.4949e-05
3644.0 1.4869e-05
3646.0 1.4847e-05
3648.0 1.4882e-05
3650.0 1.4972e-05
3652.0 1.5112e-05
3654.0 1.5297e-05
3656.0 1.5509e-05
3658.0 1.5728e-05
3660.0 1.5922e-05
3662.0 1.6062e-05
3664.0 1.6126e-05
3666.0 1.6113e-05
3668.0 1.6037e-05
3670.0 1.5927e-05
3672.0 1.5821e-05
3674.0 1.5748e-05
3676.0 1.5727e-05
3678.0 1.5757e-05
3680.0 1.5821e-05
3682.0 1.5897e-05
3684.0 1.5955e-05
3686.0 1.5969e-05
3688.0 1.5917e-05
3690.0 1.5791e-05
3692.0 1.5602e-05
3694.0 1.5382e-05
3696.0 1.518e-05
3698.0 1.5057e-05
3700.0 1.5063e-05
3702.0 1.5216e-05
3704.0 1.5493e-05
3706.0 1.5828e-05
3708.0 1.6134e-05
3710.0 1.6322e-05
3712.0 1.6342e-05
3714.0 1.6185e-05
3716.0 1.5886e-05
3718.0 1.5516e-05
3720.0 1.5154e-05
3722.0 1.4867e-05
3724.0 1.4699e-05
3726.0 1.4663e-05
3728.0 1.4741e-05
3730.0 1.4899e-05
3732.0 1.5092e-05
3734.0 1.5278e-05
3736.0 1.5425e-05
3738.0 1.5522e-05
3740.0 1.558e-05
3742.0 1.5624e-05
3744.0 1.5688e-05
3746.0 1.5797e-05
3748.0 1.5955e-05
3750.0 1.6137e-05
3752.0 1.6301e-05
3754.0 1.6399e-05
3756.0 1.6397e-05
3758.0 1.6283e-05
3760.0 1.6072e-05
3762.0 1.5797e-05
3764.0 1.5505e-05
3766.0 1.5239e-05
3768.0 1.5033e-05
3770.0 1.4913e-05
3772.0 1.4893e-05
3774.0 1.4978e-05
3776.0 1.5161e-05
3778.0 1.5425e-05
3780.0 1.5739e-05
3782.0 1.6067e-05
3784.0 1.6365e-05
3786.0 1.6593e-05
3788.0 1.6721e-05
3790.0 1.6734e-05
3792.0 1.6639e-05
3794.0 1.6463e-05
3796.0 1.6257e-05
3798.0 1.6081e-05
3800.0 1.5988e-05
3802.0 1.6006e-05
3804.0 1.6135e-05
3806.0 1.6346e-05
3808.0 1.6585e-05
3810.0 1.68e-05
3812.0 1.6945e-05
3814.0 1.6993e-05
3816.0 1.6933e-05
3818.0 1.6767e-05
3820.0 1.651e-05
3822.0 1.6188e-05
3824.0 1.5837e-05
3826.0 1.5507e-05
3828.0 1.5253e-05
3830.0 1.5115e-05
3832.0 1.5115e-05
3834.0 1.5236e-05
3836.0 1.5435e-05
3838.0 1.5653e-05
3840.0 1.5833e-05
3842.0 1.5939e-05
3844.0 1.5961e-05
3846.0 1.5914e-05
3848.0 1.5823e-05
3850.0 1.5709e-05
3852.0 1.5588e-05
3854.0 1.5463e-05
3856.0 1.5333e-05
3858.0 1.5203e-05
3860.0 1.5087e-05
3862.0 1.5009e-05
3864.0 1.4994e-05
3866.0 1.5057e-05
3868.0 1.5201e-05
3870.0 1.5407e-05
3872.0 1.5642e-05
3874.0 1.5866e-05
3876.0 1.604e-05
3878.0 1.6134e-05
3880.0 1.6137e-05
3882.0 1.6057e-05
3884.0 1.5921e-05
3886.0 1.5766e-05
3888.0 1.5633e-05
3890.0 1.5559e-05
3892.0 1.5567e-05
3894.0 1.5662e-05
3896.0 1.5829e-05
3898.0 1.6035e-05
3900.0 1.6235e-05
3902.0 1.6384e-05
3904.0 1.6444e-05
3906.0 1.639e-05
3908.0 1.6217e-05
3910.0 1.5937e-05
3912.0 1.5577e-05
3914.0 1.5175e-05
3916.0 1.4778e-05
3918.0 1.4432e-05
3920.0 1.4185e-05
3922.0 1.4073e-05
3924.0 1.4112e-05
3926.0 1.4287e-05
3928.0 1.4553e-05
3930.0 1.4837e-05
3932.0 1.5064e-05
3934.0 1.5174e-05
3936.0 1.5146e-05
3938.0 1.5004e-05
3940.0 1.4809e-05
3942.0 1.4633e-05
3944.0 1.4535e-05
3946.0 1.4543e-05
3948.0 1.4642e-05
3950.0 1.4788e-05
3952.0 1.4929e-05
3954.0 1.5022e-05
3956.0 1.5048e-05
3958.0 1.5016e-05
3960.0 1.4947e-05
3962.0 1.4867e-05
3964.0 1.4786e-05
3966.0 1.4699e-05
3968.0 1.4591e-05
3970.0 1.4446e-05
3972.0 1.4264e-05
3974.0 1.4064e-05
3976.0 1.3878e-05
3978.0 1.3749e-05
3980.0 1.3708e-05
3982.0 1.3763e-05
3984.0 1.39e-05
3986.0 1.4084e-05
3988.0 1.427e-05
3990.0 1.4415e-05
3992.0 1.4487e-05
3994.0 1.4474e-05
3996.0 1.4382e-05
3998.0 1.4234e-05
4000.0 1.4061e-05
4002.0 1.39e-05
4004.0 1.3783e-05
4006.0 1.3732e-05
4008.0 1.3752e-05
4010.0 1.3836e-05
4012.0 1.3961e-05
4014.0 1.4098e-05
4016.0 1.4217e-05
4018.0 1.4294e-05
4020.0 1.4317e-05
4022.0 1.4286e-05
4024.0 1.4218e-05
4026.0 1.4135e-05
4028.0 1.4065e-05
4030.0 1.4032e-05
4032.0 1.405e-05
4034.0 1.412e-05
4036.0 1.4231e-05
4038.0 1.436e-05
4040.0 1.4481e-05
4042.0 1.4566e-05
4044.0 1.4603e-05
4046.0 1.4587e-05
4048.0 1.4531e-05
4050.0 1.4455e-05
4052.0 1.438e-05
4054.0 1.4324e-05
4056.0 1.4287e-05
4058.0 1.4264e-05
4060.0 1.4243e-05
4062.0 1.4215e-05
4064.0 1.4177e-05
4066.0 1.4136e-05
4068.0 1.4107e-05
4070.0 1.4103e-05
4072.0 1.4139e-05
4074.0 1.4216e-05
4076.0 1.4332e-05
4078.0 1.4475e-05
4080.0 1.4628e-05
4082.0 1.4776e-05
4084.0 1.4905e-05
4086.0 1.5009e-05
4088.0 1.509e-05
4090.0 1.5154e-05
4092.0 1.521e-05
4094.0 1.5261e-05
4096.0 1.5308e-05
4098.0 1.5343e-05
4100.0 1.5357e-05
4102.0 1.5341e-05
4104.0 1.5287e-05
4106.0 1.5197e-05
4108.0 1.5076e-05
4110.0 1.493e-05
4112.0 1.4767e-05
4114.0 1.4591e-05
4116.0 1.4413e-05
4118.0 1.4241e-05
4120.0 1.4092e-05
4122.0 1.3981e-05
4124.0 1.3925e-05
4126.0 1.3929e-05
4128.0 1.3993e-05
4130.0 1.4104e-05
4132.0 1.424e-05
4134.0 1.4378e-05
4136.0 1.4495e-05
4138.0 1.4577e-05
4140.0 1.4616e-05
4142.0 1.4615e-05
4144.0 1.4581e-05
4146.0 1.4528e-05
4148.0 1.4464e-05
4150.0 1.4396e-05
4152.0 1.4325e-05
4154.0 1.4253e-05
4156.0 1.4178e-05
4158.0 1.4106e-05
4160.0 1.4047e-05
4162.0 1.4018e-05
4164.0 1.4032e-05
4166.0 1.4096e-05
4168.0 1.4206e-05
4170.0 1.4341e-05
4172.0 1.4473e-05
4174.0 1.4565e-05
4176.0 1.4591e-05
4178.0 1.4541e-05
4180.0 1.4422e-05
4182.0 1.4262e-05
4184.0 1.4102e-05
4186.0 1.398e-05
4188.0 1.3925e-05
4190.0 1.3946e-05
4192.0 1.4031e-05
4194.0 1.4153e-05
4196.0 1.4279e-05
4198.0 1.438e-05
4200.0 1.444e-05
4202.0 1.4459e-05
4204.0 1.4448e-05
4206.0 1.4421e-05
4208.0 1.4389e-05
4210.0 1.4353e-05
4212.0 1.4307e-05
4214.0 1.4242e-05
4216.0 1.4154e-05
4218.0 1.4052e-05
4220.0 1.3955e-05
4222.0 1.3887e-05
4224.0 1.3868e-05
4226.0 1.3906e-05
4228.0 1.3994e-05
4230.0 1.4111e-05
4232.0 1.4231e-05
4234.0 1.4331e-05
4236.0 1.4392e-05
4238.0 1.4403e-05
4240.0 1.4361e-05
4242.0 1.4268e-05
4244.0 1.4132e-05
4246.0 1.3972e-05
4248.0 1.3809e-05
4250.0 1.3669e-05
4252.0 1.3572e-05
4254.0 1.3529e-05
4256.0 1.3536e-05
4258.0 1.3584e-05
4260.0 1.3661e-05
4262.0 1.3757e-05
4264.0 1.3873e-05
4266.0 1.4011e-05
4268.0 1.4177e-05
4270.0 1.4364e-05
4272.0 1.4551e-05
4274.0 1.4709e-05
4276.0 1.4803e-05
4278.0 1.4812e-05
4280.0 1.4734e-05
4282.0 1.4592e-05
4284.0 1.4422e-05
4286.0 1.4265e-05
4288.0 1.4151e-05
4290.0 1.4091e-05
4292.0 1.408e-05
4294.0 1.41e-05
4296.0 1.4138e-05
4298.0 1.4186e-05
4300.0 1.4241e-05
4302.0 1.4306e-05
4304.0 1.4377e-05
4306.0 1.4445e-05
4308.0 1.4494e-05
4310.0 1.4509e-05
4312.0 1.4483e-05
4314.0 1.442e-05
4316.0 1.4333e-05
4318.0 1.4242e-05
4320.0 1.4167e-05
4322.0 1.4124e-05
4324.0 1.4121e-05
4326.0 1.416e-05
4328.0 1.4238e-05
4330.0 1.4344e-05
4332.0 1.4468e-05
4334.0 1.4593e-05
4336.0 1.4709e-05
4338.0 1.4806e-05
4340.0 1.4881e-05
4342.0 1.4939e-05
4344.0 1.4988e-05
4346.0 1.5038e-05
4348.0 1.5091e-05
4350.0 1.5141e-05
4352.0 1.5171e-05
4354.0 1.5161e-05
4356.0 1.5093e-05
4358.0 1.4968e-05
4360.0 1.4804e-05
4362.0 1.4636e-05
4364.0 1.451e-05
4366.0 1.4463e-05
4368.0 1.451e-05
4370.0 1.4641e-05
4372.0 1.4817e-05
4374.0 1.4986e-05
4376.0 1.51e-05
4378.0 1.513e-05
4380.0 1.5079e-05
4382.0 1.4972e-05
4384.0 1.4852e-05
4386.0 1.4761e-05
4388.0 1.4725e-05
4390.0 1.4745e-05
4392.0 1.48e-05
4394.0 1.4852e-05
4396.0 1.4862e-05
4398.0 1.4809e-05
4400.0 1.469e-05
4402.0 1.453e-05
4404.0 1.4367e-05
4406.0 1.4245e-05
4408.0 1.4194e-05
4410.0 1.4228e-05
4412.0 1.4342e-05
4414.0 1.451e-05
4416.0 1.4703e-05
4418.0 1.4889e-05
4420.0 1.5042e-05
4422.0 1.5146e-05
4424.0 1.5197e-05
4426.0 1.5198e-05
4428.0 1.5161e-05
4430.0 1.5102e-05
4432.0 1.5035e-05
4434.0 1.4972e-05
4436.0 1.4919e-05
4438.0 1.4875e-05
4440.0 1.4833e-05
4442.0 1.4789e-05
4444.0 1.4742e-05
4446.0 1.4697e-05
4448.0 1.4664e-05
4450.0 1.466e-05
4452.0 1.4695e-05
4454.0 1.4773e-05
4456.0 1.4889e-05
4458.0 1.5026e-05
4460.0 1.5161e-05
4462.0 1.5272e-05
4464.0 1.5346e-05
4466.0 1.5379e-05
4468.0 1.5381e-05
4470.0 1.5367e-05
4472.0 1.5359e-05
4474.0 1.5372e-05
4476.0 1.5411e-05
4478.0 1.5475e-05
4480.0 1.5551e-05
4482.0 1.5626e-05
4484.0 1.5688e-05
4486.0 1.5731e-05
4488.0 1.5756e-05
4490.0 1.5767e-05
4492.0 1.5768e-05
4494.0 1.576e-05
4496.0 1.5738e-05
4498.0 1.5694e-05
4500.0 1.5622e-05
4502.0 1.552e-05
4504.0 1.5393e-05
4506.0 1.5254e-05
4508.0 1.5118e-05
4510.0 1.5002e-05
4512.0 1.4914e-05
4514.0 1.4862e-05
4516.0 1.4844e-05
4518.0 1.4854e-05
4520.0 1.4882e-05
4522.0 1.4915e-05
4524.0 1.4942e-05
4526.0 1.4953e-05
4528.0 1.4952e-05
4530.0 1.4949e-05
4532.0 1.4963e-05
4534.0 1.5012e-05
4536.0 1.5105e-05
4538.0 1.5238e-05
4540.0 1.5387e-05
4542.0 1.5524e-05
4544.0 1.5619e-05
4546.0 1.5654e-05
4548.0 1.5623e-05
4550.0 1.5537e-05
4552.0 1.5416e-05
4554.0 1.5285e-05
4556.0 1.5163e-05
4558.0 1.5066e-05
4560.0 1.5e-05
4562.0 1.4973e-05
4564.0 1.4985e-05
4566.0 1.5038e-05
4568.0 1.5129e-05
4570.0 1.5251e-05
4572.0 1.5387e-05
4574.0 1.5516e-05
4576.0 1.5615e-05
4578.0 1.566e-05
4580.0 1.564e-05
4582.0 1.5557e-05
4584.0 1.5427e-05
4586.0 1.5281e-05
4588.0 1.5152e-05
4590.0 1.5064e-05
4592.0 1.5032e-05
4594.0 1.5048e-05
4596.0 1.509e-05
4598.0 1.5128e-05
4600.0 1.5133e-05
4602.0 1.5087e-05
4604.0 1.499e-05
4606.0 1.4862e-05
4608.0 1.4734e-05
4610.0 1.4637e-05
4612.0 1.4593e-05
4614.0 1.4609e-05
4616.0 1.4672e-05
4618.0 1.4759e-05
4620.0 1.4845e-05
4622.0 1.4916e-05
4624.0 1.4972e-05
4626.0 1.503e-05
4628.0 1.5109e-05
4630.0 1.5224e-05
4632.0 1.5374e-05
4634.0 1.5542e-05
4636.0 1.5698e-05
4638.0 1.5805e-05
4640.0 1.584e-05
4642.0 1.5795e-05
4644.0 1.568e-05
4646.0 1.5523e-05
4648.0 1.5358e-05
4650.0 1.5216e-05
4652.0 1.5116e-05
4654.0 1.5067e-05
4656.0 1.5064e-05
4658.0 1.5094e-05
4660.0 1.5144e-05
4662.0 1.5205e-05
4664.0 1.5271e-05
4666.0 1.5338e-05
4668.0 1.5404e-05
4670.0 1.5463e-05
4672.0 1.551e-05
4674.0 1.5535e-05
4676.0 1.5535e-05
4678.0 1.5512e-05
4680.0 1.5475e-05
4682.0 1.544e-05
4684.0 1.5421e-05
4686.0 1.5429e-05
4688.0 1.5462e-05
4690.0 1.551e-05
4692.0 1.556e-05
4694.0 1.5597e-05
4696.0 1.5613e-05
4698.0 1.561e-05
4700.0 1.5596e-05
4702.0 1.5581e-05
4704.0 1.5576e-05
4706.0 1.5587e-05
4708.0 1.5616e-05
4710.0 1.566e-05
4712.0 1.5719e-05
4714.0 1.5783e-05
4716.0 1.5841e-05
4718.0 1.5874e-05
4720.0 1.5865e-05
4722.0 1.58e-05
4724.0 1.5677e-05
4726.0 1.5513e-05
4728.0 1.5339e-05
4730.0 1.5187e-05
4732.0 1.5085e-05
4734.0 1.5043e-05
4736.0 1.5054e-05
4738.0 1.5094e-05
4740.0 1.5144e-05
4742.0 1.5189e-05
4744.0 1.523e-05
4746.0 1.5283e-05
4748.0 1.5364e-05
4750.0 1.5484e-05
4752.0 1.5636e-05
4754.0 1.58e-05
4756.0 1.5946e-05
4758.0 1.6048e-05
4760.0 1.6092e-05
4762.0 1.608e-05
4764.0 1.603e-05
4766.0 1.5962e-05
4768.0 1.5897e-05
4770.0 1.5845e-05
4772.0 1.5808e-05
4774.0 1.5779e-05
4776.0 1.5754e-05
4778.0 1.5731e-05
4780.0 1.5711e-05
4782.0 1.5696e-05
4784.0 1.5686e-05
4786.0 1.5676e-05
4788.0 1.5662e-05
4790.0 1.5642e-05
4792.0 1.5622e-05
4794.0 1.561e-05
4796.0 1.5619e-05
4798.0 1.5654e-05
4800.0 1.5717e-05
4802.0 1.5797e-05
4804.0 1.5883e-05
4806.0 1.5964e-05
4808.0 1.6035e-05
4810.0 1.6096e-05
4812.0 1.6153e-05
4814.0 1.6211e-05
4816.0 1.6269e-05
4818.0 1.632e-05
4820.0 1.6356e-05
4822.0 1.6371e-05
4824.0 1.6366e-05
4826.0 1.6349e-05
4828.0 1.6334e-05
4830.0 1.6334e-05
4832.0 1.6356e-05
4834.0 1.6401e-05
4836.0 1.6458e-05
4838.0 1.6512e-05
4840.0 1.6551e-05
4842.0 1.6568e-05
4844.0 1.6569e-05
4846.0 1.6563e-05
4848.0 1.6568e-05
4850.0 1.6595e-05
4852.0 1.6652e-05
4854.0 1.6738e-05
4856.0 1.6845e-05
4858.0 1.6957e-05
4860.0 1.706e-05
4862.0 1.7137e-05
4864.0 1.7178e-05
4866.0 1.7179e-05
4868.0 1.7144e-05
4870.0 1.7084e-05
4872.0 1.7016e-05
4874.0 1.6964e-05
4876.0 1.6947e-05
4878.0 1.6979e-05
4880.0 1.7063e-05
4882.0 1.7189e-05
4884.0 1.7337e-05
4886.0 1.7482e-05
4888.0 1.7604e-05
4890.0 1.7689e-05
4892.0 1.7733e-05
4894.0 1.7743e-05
4896.0 1.7725e-05
4898.0 1.7688e-05
4900.0 1.7639e-05
4902.0 1.7581e-05
4904.0 1.7523e-05
4906.0 1.7478e-05
4908.0 1.7459e-05
4910.0 1.7482e-05
4912.0 1.7553e-05
4914.0 1.7669e-05
4916.0 1.7815e-05
4918.0 1.7968e-05
4920.0 1.8104e-05
4922.0 1.8203e-05
4924.0 1.8256e-05
4926.0 1.8266e-05
4928.0 1.8248e-05
4930.0 1.8217e-05
4932.0 1.8189e-05
4934.0 1.8171e-05
4936.0 1.8165e-05
4938.0 1.817e-05
4940.0 1.8185e-05
4942.0 1.8218e-05
4944.0 1.8273e-05
4946.0 1.8357e-05
4948.0 1.8472e-05
4950.0 1.8609e-05
4952.0 1.8752e-05
4954.0 1.8883e-05
4956.0 1.8987e-05
4958.0 1.9056e-05
4960.0 1.909e-05
4962.0 1.9096e-05
4964.0 1.9084e-05
4966.0 1.9067e-05
4968.0 1.9054e-05
4970.0 1.9051e-05
4972.0 1.906e-05
4974.0 1.908e-05
4976.0 1.9106e-05
4978.0 1.9136e-05
4980.0 1.917e-05
4982.0 1.9213e-05
4984.0 1.9276e-05
4986.0 1.9376e-05
4988.0 1.9524e-05
4990.0 1.9726e-05
4992.0 1.9973e-05
4994.0 2.0244e-05
4996.0 2.0506e-05
4998.0 2.0725e-05
5000.0 2.0874e-05
5002.0 2.0941e-05
5004.0 2.0931e-05
5006.0 2.0866e-05
5008.0 2.078e-05
5010.0 2.0704e-05
5012.0 2.0665e-05
5014.0 2.0679e-05
5016.0 2.0748e-05
5018.0 2.0865e-05
5020.0 2.1012e-05
5022.0 2.1168e-05
5024.0 2.1308e-05
5026.0 2.141e-05
5028.0 2.1463e-05
5030.0 2.1464e-05
5032.0 2.1423e-05
5034.0 2.1366e-05
5036.0 2.1315e-05
5038.0 2.1293e-05
5040.0 2.1308e-05
5042.0 2.1359e-05
5044.0 2.1433e-05
5046.0 2.1518e-05
5048.0 2.1603e-05
5050.0 2.1684e-05
5052.0 2.1761e-05
5054.0 2.1833e-05
5056.0 2.1895e-05
5058.0 2.1938e-05
5060.0 2.1954e-05
5062.0 2.1937e-05
5064.0 2.1894e-05
5066.0 2.1846e-05
5068.0 2.1822e-05
5070.0 2.1851e-05
5072.0 2.1951e-05
5074.0 2.2122e-05
5076.0 2.2343e-05
5078.0 2.2576e-05
5080.0 2.2781e-05
5082.0 2.2926e-05
5084.0 2.2996e-05
5086.0 2.2998e-05
5088.0 2.2953e-05
5090.0 2.2894e-05
5092.0 2.285e-05
5094.0 2.284e-05
5096.0 2.2871e-05
5098.0 2.2937e-05
5100.0 2.3026e-05
5102.0 2.3122e-05
5104.0 2.3218e-05
5106.0 2.3307e-05
5108.0 2.3389e-05
5110.0 2.3458e-05
5112.0 2.3509e-05
5114.0 2.3528e-05
5116.0 2.3508e-05
5118.0 2.3446e-05
5120.0 2.3357e-05
5122.0 2.3268e-05
5124.0 2.3208e-05
5126.0 2.3203e-05
5128.0 2.3262e-05
5130.0 2.3375e-05
5132.0 2.3516e-05
5134.0 2.3657e-05
5136.0 2.3773e-05
5138.0 2.3855e-05
5140.0 2.3909e-05
5142.0 2.3947e-05
5144.0 2.3985e-05
5146.0 2.4034e-05
5148.0 2.4097e-05
5150.0 2.4176e-05
5152.0 2.4268e-05
5154.0 2.4376e-05
5156.0 2.45e-05
5158.0 2.4641e-05
5160.0 2.4795e-05
5162.0 2.495e-05
5164.0 2.5088e-05
5166.0 2.5193e-05
5168.0 2.5255e-05
5170.0 2.5276e-05
5172.0 2.5267e-05
5174.0 2.5251e-05
5176.0 2.5249e-05
5178.0 2.5283e-05
5180.0 2.5365e-05
5182.0 2.5499e-05
5184.0 2.5684e-05
5186.0 2.5909e-05
5188.0 2.6161e-05
5190.0 2.6424e-05
5192.0 2.6683e-05
5194.0 2.6923e-05
5196.0 2.7144e-05
5198.0 2.7351e-05
5200.0 2.7558e-05
5202.0 2.7778e-05
5204.0 2.802e-05
5206.0 2.8282e-05
5208.0 2.8552e-05
5210.0 2.8811e-05
5212.0 2.9047e-05
5214.0 2.9255e-05
5216.0 2.9447e-05
5218.0 2.9645e-05
5220.0 2.9877e-05
5222.0 3.0168e-05
5224.0 3.0533e-05
5226.0 3.0967e-05
5228.0 3.145e-05
5230.0 3.1949e-05
5232.0 3.2427e-05
5234.0 3.2856e-05
5236.0 3.3222e-05
5238.0 3.3534e-05
5240.0 3.3824e-05
5242.0 3.4138e-05
5244.0 3.4521e-05
5246.0 3.5006e-05
5248.0 3.5603e-05
5250.0 3.63e-05
5252.0 3.7066e-05
5254.0 3.7866e-05
5256.0 3.8669e-05
5258.0 3.946e-05
5260.0 4.0242e-05
5262.0 4.1039e-05
5264.0 4.1879e-05
5266.0 4.2792e-05
5268.0 4.3799e-05
5270.0 4.4909e-05
5272.0 4.6116e-05
5274.0 4.7406e-05
5276.0 4.876e-05
5278.0 5.0167e-05
5280.0 5.1629e-05
5282.0 5.3161e-05
5284.0 5.4799e-05
5286.0 5.6587e-05
5288.0 5.8569e-05
5290.0 6.0776e-05
5292.0 6.3212e-05
5294.0 6.5849e-05
5296.0 6.8631e-05
5298.0 7.1481e-05
5300.0 7.4332e-05
5302.0 7.7141e-05
5304.0 7.9918e-05
5306.0 8.2718e-05
5308.0 8.5628e-05
5310.0 8.8751e-05
5312.0 9.2173e-05
5314.0 9.5953e-05
5316.0 0.00010012
5318.0 0.000104688
5320.0 0.000109667
5322.0 0.000115073
5324.0 0.00012092
5326.0 0.000127216
5328.0 0.000133944
5330.0 0.000141061
5332.0 0.000148513
5334.0 0.000156261
5336.0 0.000164307
5338.0 0.000172718
5340.0 0.000181636
5342.0 0.000191247
5344.0 0.00020175
5346.0 0.000213298
5348.0 0.000225966
5350.0 0.000239736
5352.0 0.000254516
5354.0 0.000270195
5356.0 0.000286695
5358.0 0.000304016
5360.0 0.000322248
5362.0 0.000341553
5364.0 0.000362118
5366.0 0.000384121
5368.0 0.000407707
5370.0 0.00043296
5372.0 0.000459938
5374.0 0.000488697
5376.0 0.000519311
5378.0 0.000551899
5380.0 0.000586637
5382.0 0.000623764
5384.0 0.000663571
5386.0 0.000706366
5388.0 0.000752454
5390.0 0.000802071
5392.0 0.000855386
5394.0 0.000912504
5396.0 0.00097351
5398.0 0.001038518
5400.0 0.001107738
5402.0 0.001181488
5404.0 0.001260155
5406.0 0.00134417
5408.0 0.001433914
5410.0 0.001529722
5412.0 0.00163189
5414.0 0.001740738
5416.0 0.001856681
5418.0 0.001980272
5420.0 0.002112199
5422.0 0.002253255
5424.0 0.002404214
5426.0 0.002565783
5428.0 0.002738518
5430.0 0.002922883
5432.0 0.003119287
5434.0 0.003328233
5436.0 0.003550352
5438.0 0.003786427
5440.0 0.004037427
5442.0 0.004304445
5444.0 0.004588669
5446.0 0.004891332
5448.0 0.005213614
5450.0 0.005556655
5452.0 0.005921501
5454.0 0.006309086
5456.0 0.006720282
5458.0 0.007155975
5460.0 0.007617224
5462.0 0.008105235
5464.0 0.008621513
5466.0 0.009167837
5468.0 0.009746207
5470.0 0.01035876
5472.0 0.01100784
5474.0 0.01169574
5476.0 0.01242475
5478.0 0.01319694
5480.0 0.01401401
5482.0 0.01487717
5484.0 0.01578734
5486.0 0.01674536
5488.0 0.01775241
5490.0 0.0188103
5492.0 0.01992171
5494.0 0.02108984
5496.0 0.02231831
5498.0 0.02361051
5500.0 0.0249693
5502.0 0.02639689
5504.0 0.02789469
5506.0 0.02946407
5508.0 0.03110667
5510.0 0.0328249
5512.0 0.03462214
5514.0 0.03650245
5516.0 0.03847003
5518.0 0.04052865
5520.0 0.04268128
5522.0 0.04493012
5524.0 0.04727666
5526.0 0.04972191
5528.0 0.0522667
5530.0 0.05491169
5532.0 0.05765717
5534.0 0.06050322
5536.0 0.06344992
5538.0 0.06649782
5540.0 0.06964864
5542.0 0.07290587
5544.0 0.07627449
5546.0 0.07976067
5548.0 0.08337065
5550.0 0.08710968
5552.0 0.09098081
5554.0 0.09498435
5556.0 0.09911787
5558.0 0.1033768
5560.0 0.1077559
5562.0 0.1122509
5564.0 0.1168605
5566.0 0.1215859
5568.0 0.1264309
5570.0 0.1314
5572.0 0.1364964
5574.0 0.1417216
5576.0 0.1470733
5578.0 0.152547
5580.0 0.1581366
5582.0 0.1638352
5584.0 0.169637
5586.0 0.175538
5588.0 0.1815368
5590.0 0.1876339
5592.0 0.1938314
5594.0 0.2001323
5596.0 0.2065386
5598.0 0.2130521
5600.0 0.2196731
5602.0 0.2263997
5604.0 0.2332263
5606.0 0.2401432
5608.0 0.2471359
5610.0 0.2541871
5612.0 0.2612804
5614.0 0.2684044
5616.0 0.2755561
5618.0 0.2827422
5620.0 0.2899756
5622.0 0.297271
5624.0 0.304639
5626.0 0.3120841
5628.0 0.3196024
5630.0 0.3271823
5632.0 0.3348059
5634.0 0.3424493
5636.0 0.3500851
5638.0 0.3576852
5640.0 0.3652266
5642.0 0.3726972
5644.0 0.3801005
5646.0 0.3874575
5648.0 0.3948012
5650.0 0.4021688
5652.0 0.4095926
5654.0 0.4170907
5656.0 0.4246621
5658.0 0.4322858
5660.0 0.4399238
5662.0 0.4475267
5664.0 0.4550426
5666.0 0.4624283
5668.0 0.4696577
5670.0 0.4767281
5672.0 0.4836605
5674.0 0.4904938
5676.0 0.4972746
5678.0 0.5040439
5680.0 0.5108279
5682.0 0.5176324
5684.0 0.5244444
5686.0 0.531236
5688.0 0.5379694
5690.0 0.544605
5692.0 0.5511041
5694.0 0.5574367
5696.0 0.563586
5698.0 0.5695552
5700.0 0.5753671
5702.0 0.5810637
5704.0 0.5866974
5706.0 0.5923165
5708.0 0.5979525
5710.0 0.6036094
5712.0 0.6092608
5714.0 0.6148602
5716.0 0.6203517
5718.0 0.6256879
5720.0 0.6308446
5722.0 0.6358267
5724.0 0.6406623
5726.0 0.6453892
5728.0 0.6500447
5730.0 0.6546498
5732.0 0.6592081
5734.0 0.6637125
5736.0 0.6681521
5738.0 0.6725201
5740.0 0.6768174
5742.0 0.6810456
5744.0 0.6852018
5746.0 0.6892713
5748.0 0.6932321
5750.0 0.6970598
5752.0 0.7007431
5754.0 0.7042888
5756.0 0.7077266
5758.0 0.7110974
5760.0 0.7144423
5762.0 0.7177847
5764.0 0.7211208
5766.0 0.7244184
5768.0 0.7276284
5770.0 0.730704
5772.0 0.7336154
5774.0 0.73636
5776.0 0.7389662
5778.0 0.7414805
5780.0 0.7439523
5782.0 0.7464164
5784.0 0.7488865
5786.0 0.7513561
5788.0 0.7538054
5790.0 0.7562158
5792.0 0.7585791
5794.0 0.7608963
5796.0 0.7631764
5798.0 0.7654261
5800.0 0.7676412
5802.0 0.7698061
5804.0 0.7718927
5806.0 0.7738713
5808.0 0.7757164
5810.0 0.7774158
5812.0 0.7789726
5814.0 0.7804087
5816.0 0.7817572
5818.0 0.7830601
5820.0 0.7843577
5822.0 0.7856801
5824.0 0.7870409
5826.0 0.788434
5828.0 0.7898294
5830.0 0.7911816
5832.0 0.792441
5834.0 0.7935705
5836.0 0.7945558
5838.0 0.7954164
5840.0 0.7962047
5842.0 0.7969934
5844.0 0.7978555
5846.0 0.7988379
5848.0 0.799949
5850.0 0.8011542
5852.0 0.8023827
5854.0 0.8035562
5856.0 0.8046091
5858.0 0.8055082
5860.0 0.8062575
5862.0 0.8068926
5864.0 0.807463
5866.0 0.8080155
5868.0 0.8085801
5870.0 0.8091658
5872.0 0.8097629
5874.0 0.8103512
5876.0 0.8109099
5878.0 0.8114252
5880.0 0.8118978
5882.0 0.8123416
5884.0 0.8127808
5886.0 0.8132418
5888.0 0.8137427
5890.0 0.8142829
5892.0 0.8148392
5894.0 0.8153693
5896.0 0.8158256
5898.0 0.8161687
5900.0 0.8163805
5902.0 0.8164718
5904.0 0.8164753
5906.0 0.8164354
5908.0 0.8163927
5910.0 0.816377
5912.0 0.816405
5914.0 0.8164806
5916.0 0.8166045
5918.0 0.8167769
5920.0 0.8169921
5922.0 0.8172352
5924.0 0.8174797
5926.0 0.8176899
5928.0 0.8178338
5930.0 0.817894
5932.0 0.8178756
5934.0 0.8178035
5936.0 0.817711
5938.0 0.8176243
5940.0 0.8175512
5942.0 0.8174805
5944.0 0.8173884
5946.0 0.8172574
5948.0 0.8170885
5950.0 0.8169046
5952.0 0.8167433
5954.0 0.8166412
5956.0 0.8166147
5958.0 0.8166528
5960.0 0.8167142
5962.0 0.8167413
5964.0 0.8166792
5966.0 0.8164951
5968.0 0.8161894
5970.0 0.8157969
5972.0 0.8153758
5974.0 0.8149923
5976.0 0.8146983
5978.0 0.814516
5980.0 0.8144349
5982.0 0.8144153
5984.0 0.8144043
5986.0 0.8143551
5988.0 0.8142425
5990.0 0.8140679
5992.0 0.8138574
5994.0 0.8136491
5996.0 0.8134739
5998.0 0.8133421
6000.0 0.8132383
6002.0 0.8131263
6004.0 0.8129594
6006.0 0.812694
6008.0 0.8123046
6010.0 0.8117884
6012.0 0.8111687
6014.0 0.8104866
6016.0 0.8097956
6018.0 0.8091466
6020.0 0.8085834
6022.0 0.8081321
6024.0 0.8077976
6026.0 0.8075663
6028.0 0.8074092
6030.0 0.807289
6032.0 0.8071669
6034.0 0.8070067
6036.0 0.806782
6038.0 0.8064776
6040.0 0.8060934
6042.0 0.8056413
6044.0 0.805144
6046.0 0.8046252
6048.0 0.8041062
6050.0 0.8035992
6052.0 0.803104
6054.0 0.8026108
6056.0 0.8021086
6058.0 0.8015899
6060.0 0.801056
6062.0 0.8005165
6064.0 0.7999863
6066.0 0.7994806
6068.0 0.799006
6070.0 0.7985627
6072.0 0.7981415
6074.0 0.7977279
6076.0 0.7973062
6078.0 0.7968614
6080.0 0.7963843
6082.0 0.7958723
6084.0 0.7953311
6086.0 0.7947713
6088.0 0.7942046
6090.0 0.7936429
6092.0 0.7930965
6094.0 0.7925698
6096.0 0.7920645
6098.0 0.7915802
6100.0 0.7911124
6102.0 0.7906555
6104.0 0.7902028
6106.0 0.7897482
6108.0 0.7892847
6110.0 0.7888089
6112.0 0.788321
6114.0 0.7878264
6116.0 0.7873335
6118.0 0.786849
6120.0 0.7863745
6122.0 0.7859037
6124.0 0.7854217
6126.0 0.7849066
6128.0 0.7843402
6130.0 0.7837112
6132.0 0.7830234
6134.0 0.7822955
6136.0 0.7815568
6138.0 0.7808404
6140.0 0.7801693
6142.0 0.7795527
6144.0 0.7789808
6146.0 0.7784312
6148.0 0.7778753
6150.0 0.7772863
6152.0 0.7766454
6154.0 0.7759495
6156.0 0.7752073
6158.0 0.7744406
6160.0 0.7736779
6162.0 0.7729499
6164.0 0.7722791
6166.0 0.7716769
6168.0 0.7711393
6170.0 0.7706451
6172.0 0.7701618
6174.0 0.7696538
6176.0 0.7690927
6178.0 0.7684678
6180.0 0.767785
6182.0 0.7670687
6184.0 0.7663501
6186.0 0.7656578
6188.0 0.7650046
6190.0 0.7643856
6192.0 0.7637804
6194.0 0.7631614
6196.0 0.7625058
6198.0 0.7618042
6200.0 0.7610671
6202.0 0.7603197
6204.0 0.7595942
6206.0 0.7589156
6208.0 0.7582939
6210.0 0.7577165
6212.0 0.7571557
6214.0 0.756574
6216.0 0.7559379
6218.0 0.7552296
6220.0 0.7544531
6222.0 0.7536321
6224.0 0.7528073
6226.0 0.7520177
6228.0 0.7512924
6230.0 0.7506411
6232.0 0.7500489
6234.0 0.7494837
6236.0 0.7489023
6238.0 0.7482654
6240.0 0.7475471
6242.0 0.7467409
6244.0 0.7458598
6246.0 0.7449305
6248.0 0.7439864
6250.0 0.7430547
6252.0 0.742152
6254.0 0.7412821
6256.0 0.7404398
6258.0 0.7396178
6260.0 0.7388103
6262.0 0.7380211
6264.0 0.7372597
6266.0 0.7365359
6268.0 0.7358543
6270.0 0.7352112
6272.0 0.7345903
6274.0 0.7339713
6276.0 0.7333324
6278.0 0.732657
6280.0 0.7319365
6282.0 0.7311679
6284.0 0.7303538
6286.0 0.7295004
6288.0 0.7286155
6290.0 0.7277108
6292.0 0.7268017
6294.0 0.7259034
6296.0 0.725028
6298.0 0.7241776
6300.0 0.7233472
6302.0 0.7225229
6304.0 0.7216907
6306.0 0.7208434
6308.0 0.7199823
6310.0 0.7191186
6312.0 0.7182671
6314.0 0.7174361
6316.0 0.7166234
6318.0 0.7158161
6320.0 0.7149956
6322.0 0.7141452
6324.0 0.713259
6326.0 0.7123466
6328.0 0.7114298
6330.0 0.7105356
6332.0 0.7096878
6334.0 0.708896
6336.0 0.7081552
6338.0 0.7074442
6340.0 0.7067331
6342.0 0.7059918
6344.0 0.7051954
6346.0 0.7043328
6348.0 0.7034083
6350.0 0.7024402
6352.0 0.7014561
6354.0 0.7004871
6356.0 0.6995606
6358.0 0.6986949
6360.0 0.6978935
6362.0 0.6971471
6364.0 0.6964369
6366.0 0.6957381
6368.0 0.6950292
6370.0 0.6942938
6372.0 0.6935237
6374.0 0.6927206
6376.0 0.6918891
6378.0 0.6910353
6380.0 0.6901666
6382.0 0.6892878
6384.0 0.6884044
6386.0 0.6875233
6388.0 0.6866507
6390.0 0.6857904
6392.0 0.6849424
6394.0 0.6841004
6396.0 0.6832531
6398.0 0.6823869
6400.0 0.6814927
6402.0 0.6805683
6404.0 0.6796214
6406.0 0.6786669
6408.0 0.6777226
6410.0 0.6768025
6412.0 0.6759143
6414.0 0.675056
6416.0 0.6742186
6418.0 0.6733897
6420.0 0.6725584
6422.0 0.6717188
6424.0 0.6708705
6426.0 0.6700182
6428.0 0.6691676
6430.0 0.6683211
6432.0 0.6674768
6434.0 0.666627
6436.0 0.6657627
6438.0 0.6648752
6440.0 0.6639611
6442.0 0.6630235
6444.0 0.6620657
6446.0 0.6610917
6448.0 0.6601032
6450.0 0.6591003
6452.0 0.6580851
6454.0 0.6570662
6456.0 0.6560591
6458.0 0.6550849
6460.0 0.654162
6462.0 0.6533003
6464.0 0.6524947
6466.0 0.6517257
6468.0 0.6509643
6470.0 0.6501809
6472.0 0.649354
6474.0 0.6484752
6476.0 0.6475516
6478.0 0.6466
6480.0 0.6456425
6482.0 0.6446987
6484.0 0.6437815
6486.0 0.6428949
6488.0 0.6420328
6490.0 0.6411817
6492.0 0.6403236
6494.0 0.6394405
6496.0 0.6385195
6498.0 0.6375562
6500.0 0.636554
6502.0 0.6355249
6504.0 0.6344846
6506.0 0.6334458
6508.0 0.6324169
6510.0 0.6313991
6512.0 0.630393
6514.0 0.629402
6516.0 0.6284372
6518.0 0.6275165
6520.0 0.6266562
6522.0 0.6258629
6524.0 0.6251252
6526.0 0.6244131
6528.0 0.623683
6530.0 0.622891
6532.0 0.6220065
6534.0 0.6210223
6536.0 0.6199545
6538.0 0.6188377
6540.0 0.6177115
6542.0 0.6166102
6544.0 0.615555
6546.0 0.6145502
6548.0 0.6135882
6550.0 0.6126571
6552.0 0.6117437
6554.0 0.6108391
6556.0 0.6099394
6558.0 0.6090437
6560.0 0.6081511
6562.0 0.6072583
6564.0 0.6063599
6566.0 0.6054494
6568.0 0.6045192
6570.0 0.6035649
6572.0 0.6025859
6574.0 0.6015863
6576.0 0.600576
6578.0 0.5995674
6580.0 0.5985759
6582.0 0.5976129
6584.0 0.5966858
6586.0 0.5957927
6588.0 0.5949254
6590.0 0.5940695
6592.0 0.5932079
6594.0 0.5923264
6596.0 0.5914156
6598.0 0.5904751
6600.0 0.5895112
6602.0 0.588534
6604.0 0.5875545
6606.0 0.5865794
6608.0 0.5856105
6610.0 0.5846432
6612.0 0.5836727
6614.0 0.5826947
6616.0 0.5817113
6618.0 0.5807297
6620.0 0.5797613
6622.0 0.5788156
6624.0 0.5778954
6626.0 0.5769946
6628.0 0.5760977
6630.0 0.5751852
6632.0 0.5742383
6634.0 0.573247
6636.0 0.5722097
6638.0 0.5711372
6640.0 0.5700484
6642.0 0.568965
6644.0 0.5679069
6646.0 0.5668901
6648.0 0.5659203
6650.0 0.5649942
6652.0 0.5641013
6654.0 0.5632267
6656.0 0.5623556
6658.0 0.5614756
6660.0 0.5605795
6662.0 0.5596651
6664.0 0.5587325
6666.0 0.5577846
6668.0 0.5568227
6670.0 0.5558472
6672.0 0.5548591
6674.0 0.5538611
6676.0 0.5528576
6678.0 0.5518573
6680.0 0.5508687
6682.0 0.5498994
6684.0 0.5489532
6686.0 0.5480271
6688.0 0.5471137
6690.0 0.5462006
6692.0 0.5452726
6694.0 0.5443159
6696.0 0.5433199
6698.0 0.5422808
6700.0 0.5412017
6702.0 0.5400947
6704.0 0.5389771
6706.0 0.5378685
6708.0 0.5367869
6710.0 0.5357445
6712.0 0.5347469
6714.0 0.5337938
6716.0 0.5328787
6718.0 0.5319926
6720.0 0.5311223
6722.0 0.5302525
6724.0 0.5293663
6726.0 0.5284453
6728.0 0.527477
6730.0 0.5264572
6732.0 0.5253918
6734.0 0.5242951
6736.0 0.5231877
6738.0 0.5220873
6740.0 0.5210066
6742.0 0.5199501
6744.0 0.5189151
6746.0 0.5178951
6748.0 0.5168828
6750.0 0.5158707
6752.0 0.5148525
6754.0 0.5138243
6756.0 0.5127856
6758.0 0.5117395
6760.0 0.5106944
6762.0 0.5096589
6764.0 0.5086396
6766.0 0.5076344
6768.0 0.5066331
6770.0 0.5056205
6772.0 0.5045801
6774.0 0.5035029
6776.0 0.5023935
6778.0 0.501265
6780.0 0.5001379
6782.0 0.4990283
6784.0 0.4979452
6786.0 0.4968864
6788.0 0.4958427
6790.0 0.4948033
6792.0 0.4937622
6794.0 0.4927189
6796.0 0.4916759
6798.0 0.4906352
6800.0 0.4895938
6802.0 0.488545
6804.0 0.4874806
6806.0 0.4863967
6808.0 0.4852968
6810.0 0.4841956
6812.0 0.4831142
6814.0 0.4820722
6816.0 0.4810811
6818.0 0.4801388
6820.0 0.4792285
6822.0 0.4783237
6824.0 0.477393
6826.0 0.4764112
6828.0 0.4753639
6830.0 0.4742517
6832.0 0.4730879
6834.0 0.4718944
6836.0 0.4706953
6838.0 0.4695115
6840.0 0.4683558
6842.0 0.4672311
6844.0 0.4661311
6846.0 0.4650451
6848.0 0.4639608
6850.0 0.4628677
6852.0 0.4617606
6854.0 0.4606415
6856.0 0.4595171
6858.0 0.458398
6860.0 0.457295
6862.0 0.4562147
6864.0 0.4551569
6866.0 0.4541136
6868.0 0.4530705
6870.0 0.4520097
6872.0 0.4509182
6874.0 0.4497923
6876.0 0.4486406
6878.0 0.4474812
6880.0 0.4463356
6882.0 0.4452208
6884.0 0.4441453
6886.0 0.4431062
6888.0 0.4420929
6890.0 0.4410924
6892.0 0.4400948
6894.0 0.4390961
6896.0 0.4380941
6898.0 0.4370892
6900.0 0.4360796
6902.0 0.4350622
6904.0 0.4340316
6906.0 0.4329835
6908.0 0.4319171
6910.0 0.4308332
6912.0 0.4297344
6914.0 0.4286216
6916.0 0.4274965
6918.0 0.4263614
6920.0 0.4252206
6922.0 0.4240834
6924.0 0.4229601
6926.0 0.4218598
6928.0 0.4207849
6930.0 0.4197282
6932.0 0.4186725
6934.0 0.4175976
6936.0 0.4164893
6938.0 0.4153462
6940.0 0.4141849
6942.0 0.4130347
6944.0 0.4119272
6946.0 0.4108849
6948.0 0.4099104
6950.0 0.4089853
6952.0 0.4080755
6954.0 0.4071432
6956.0 0.4061606
6958.0 0.4051149
6960.0 0.4040129
6962.0 0.4028749
6964.0 0.4017264
6966.0 0.4005889
6968.0 0.3994753
6970.0 0.3983886
6972.0 0.3973229
6974.0 0.3962712
6976.0 0.3952263
6978.0 0.3941823
6980.0 0.3931349
6982.0 0.3920777
6984.0 0.3910019
6986.0 0.389897
6988.0 0.3887555
6990.0 0.3875772
6992.0 0.3863762
6994.0 0.3851776
6996.0 0.3840142
6998.0 0.3829177
7000.0 0.3819079
7002.0 0.3809871
7004.0 0.3801365
7006.0 0.3793205
7008.0 0.3784937
7010.0 0.3776123
7012.0 0.376645
7014.0 0.3755796
7016.0 0.3744265
7018.0 0.3732155
7020.0 0.3719877
7022.0 0.3707841
7024.0 0.3696358
7026.0 0.3685546
7028.0 0.3675322
7030.0 0.3665468
7032.0 0.3655704
7034.0 0.3645795
7036.0 0.3635608
7038.0 0.3625166
7040.0 0.3614576
7042.0 0.3603992
7044.0 0.3593532
7046.0 0.3583234
7048.0 0.3573047
7050.0 0.3562862
7052.0 0.3552548
7054.0 0.3542015
7056.0 0.3531268
7058.0 0.3520393
7060.0 0.3509547
7062.0 0.3498915
7064.0 0.3488652
7066.0 0.3478849
7068.0 0.3469501
7070.0 0.3460512
7072.0 0.3451707
7074.0 0.344287
7076.0 0.34338
7078.0 0.3424355
7080.0 0.3414473
7082.0 0.340421
7084.0 0.3393704
7086.0 0.3383125
7088.0 0.3372641
7090.0 0.3362363
7092.0 0.3352297
7094.0 0.3342373
7096.0 0.3332463
7098.0 0.3322419
7100.0 0.3312122
7102.0 0.3301512
7104.0 0.3290608
7106.0 0.3279507
7108.0 0.3268363
7110.0 0.325736
7112.0 0.324668
7114.0 0.3236462
7116.0 0.3226765
7118.0 0.3217587
7120.0 0.3208846
7122.0 0.3200399
7124.0 0.319207
7126.0 0.3183662
7128.0 0.3175005
7130.0 0.3165972
7132.0 0.3156512
7134.0 0.3146685
7136.0 0.3136645
7138.0 0.3126615
7140.0 0.3116823
7142.0 0.3107408
7144.0 0.3098371
7146.0 0.308957
7148.0 0.3080731
7150.0 0.3071565
7152.0 0.3061887
7154.0 0.3051669
7156.0 0.3041074
7158.0 0.3030386
7160.0 0.3019939
7162.0 0.3009993
7164.0 0.3000661
7166.0 0.2991886
7168.0 0.2983488
7170.0 0.2975221
7172.0 0.296686
7174.0 0.2958251
7176.0 0.2949333
7178.0 0.2940126
7180.0 0.29307
7182.0 0.2921132
7184.0 0.2911499
7186.0 0.290185
7188.0 0.2892193
7190.0 0.2882531
7192.0 0.2872858
7194.0 0.2863158
7196.0 0.2853425
7198.0 0.2843664
7200.0 0.2833888
7202.0 0.2824114
7204.0 0.2814373
7206.0 0.2804689
7208.0 0.2795102
7210.0 0.2785637
7212.0 0.2776318
7214.0 0.2767162
7216.0 0.2758189
7218.0 0.2749426
7220.0 0.2740874
7222.0 0.2732532
7224.0 0.2724362
7226.0 0.2716287
7228.0 0.270819
7230.0 0.2699914
7232.0 0.2691313
7234.0 0.2682303
7236.0 0.267289
7238.0 0.2663201
7240.0 0.2653471
7242.0 0.2643981
7244.0 0.2634953
7246.0 0.2626508
7248.0 0.2618607
7250.0 0.2611071
7252.0 0.2603655
7254.0 0.2596138
7256.0 0.2588361
7258.0 0.2580272
7260.0 0.2571896
7262.0 0.2563278
7264.0 0.2554449
7266.0 0.254542
7268.0 0.2536202
7270.0 0.2526848
7272.0 0.2517464
7274.0 0.2508202
7276.0 0.24992
7278.0 0.2490519
7280.0 0.2482109
7282.0 0.2473802
7284.0 0.2465391
7286.0 0.2456701
7288.0 0.244766
7290.0 0.2438352
7292.0 0.2428967
7294.0 0.2419742
7296.0 0.2410895
7298.0 0.2402548
7300.0 0.2394699
7302.0 0.2387242
7304.0 0.2379998
7306.0 0.2372764
7308.0 0.2365362
7310.0 0.2357654
7312.0 0.2349578
7314.0 0.2341151
7316.0 0.233246
7318.0 0.2323629
7320.0 0.231479
7322.0 0.2306051
7324.0 0.2297476
7326.0 0.2289088
7328.0 0.2280895
7330.0 0.2272903
7332.0 0.2265137
7334.0 0.2257627
7336.0 0.2250364
7338.0 0.2243299
7340.0 0.2236311
7342.0 0.2229231
7344.0 0.2221891
7346.0 0.2214178
7348.0 0.2206073
7350.0 0.2197653
7352.0 0.2189064
7354.0 0.2180466
7356.0 0.2171968
7358.0 0.2163606
7360.0 0.2155351
7362.0 0.2147136
7364.0 0.2138909
7366.0 0.2130656
7368.0 0.212241
7370.0 0.2114236
7372.0 0.2106196
7374.0 0.2098332
7376.0 0.2090661
7378.0 0.2083179
7380.0 0.2075866
7382.0 0.2068678
7384.0 0.2061536
7386.0 0.2054322
7388.0 0.2046896
7390.0 0.203913
7392.0 0.2030948
7394.0 0.2022366
7396.0 0.2013496
7398.0 0.2004505
7400.0 0.1995578
7402.0 0.1986877
7404.0 0.1978501
7406.0 0.1970497
7408.0 0.1962864
7410.0 0.1955561
7412.0 0.1948525
7414.0 0.194165
7416.0 0.1934826
7418.0 0.1927949
7420.0 0.1920953
7422.0 0.1913853
7424.0 0.1906726
7426.0 0.1899687
7428.0 0.1892823
7430.0 0.1886149
7432.0 0.1879568
7434.0 0.1872913
7436.0 0.1865997
7438.0 0.1858676
7440.0 0.1850921
7442.0 0.1842825
7444.0 0.1834566
7446.0 0.1826352
7448.0 0.1818344
7450.0 0.181062
7452.0 0.1803176
7454.0 0.1795962
7456.0 0.1788918
7458.0 0.1782031
7460.0 0.1775337
7462.0 0.1768893
7464.0 0.176273
7466.0 0.1756809
7468.0 0.1751003
7470.0 0.1745124
7472.0 0.1738957
7474.0 0.1732347
7476.0 0.1725224
7478.0 0.1717642
7480.0 0.1709753
7482.0 0.1701764
7484.0 0.169388
7486.0 0.1686263
7488.0 0.1679006
7490.0 0.1672137
7492.0 0.1665637
7494.0 0.1659429
7496.0 0.1653413
7498.0 0.1647462
7500.0 0.1641429
7502.0 0.1635169
7504.0 0.1628568
7506.0 0.1621583
7508.0 0.1614268
7510.0 0.1606772
7512.0 0.159929
7514.0 0.1592019
7516.0 0.1585094
7518.0 0.1578559
7520.0 0.1572357
7522.0 0.1566356
7524.0 0.1560388
7526.0 0.1554303
7528.0 0.1547974
7530.0 0.1541337
7532.0 0.1534388
7534.0 0.1527169
7536.0 0.1519776
7538.0 0.1512323
7540.0 0.1504935
7542.0 0.1497722
7544.0 0.1490776
7546.0 0.1484163
7548.0 0.1477934
7550.0 0.1472105
7552.0 0.1466649
7554.0 0.1461495
7556.0 0.1456502
7558.0 0.1451481
7560.0 0.1446207
7562.0 0.1440499
7564.0 0.1434272
7566.0 0.1427567
7568.0 0.1420541
7570.0 0.1413409
7572.0 0.1406381
7574.0 0.1399583
7576.0 0.1393036
7578.0 0.1386659
7580.0 0.1380347
7582.0 0.1374008
7584.0 0.1367627
7586.0 0.1361255
7588.0 0.1355006
7590.0 0.134898
7592.0 0.1343247
7594.0 0.1337818
7596.0 0.1332632
7598.0 0.1327587
7600.0 0.1322563
7602.0 0.1317451
7604.0 0.1312177
7606.0 0.1306714
7608.0 0.1301075
7610.0 0.1295309
7612.0 0.1289474
7614.0 0.1283608
7616.0 0.1277724
7618.0 0.1271812
7620.0 0.1265855
7622.0 0.1259837
7624.0 0.1253766
7626.0 0.1247673
7628.0 0.1241617
7630.0 0.1235659
7632.0 0.1229849
7634.0 0.1224216
7636.0 0.1218761
7638.0 0.1213449
7640.0 0.1208225
7642.0 0.1203024
7644.0 0.1197781
7646.0 0.1192451
7648.0 0.1187018
7650.0 0.1181506
7652.0 0.1175956
7654.0 0.1170426
7656.0 0.1164971
7658.0 0.1159629
7660.0 0.1154396
7662.0 0.1149236
7664.0 0.1144089
7666.0 0.1138876
7668.0 0.1133539
7670.0 0.1128041
7672.0 0.1122383
7674.0 0.1116603
7676.0 0.1110771
7678.0 0.1104976
7680.0 0.1099316
7682.0 0.1093889
7684.0 0.1088758
7686.0 0.1083944
7688.0 0.1079403
7690.0 0.107503
7692.0 0.1070675
7694.0 0.1066179
7696.0 0.1061426
7698.0 0.1056367
7700.0 0.105103
7702.0 0.1045512
7704.0 0.1039929
7706.0 0.1034388
7708.0 0.1028954
7710.0 0.1023646
7712.0 0.1018452
7714.0 0.1013353
7716.0 0.1008343
7718.0 0.100342
7720.0 0.09986008
7722.0 0.09938875
7724.0 0.09892702
7726.0 0.09847285
7728.0 0.09802266
7730.0 0.09757411
7732.0 0.09712602
7734.0 0.09667889
7736.0 0.09623265
7738.0 0.09578646
7740.0 0.09533805
7742.0 0.09488459
7744.0 0.094425
7746.0 0.09396095
7748.0 0.09349697
7750.0 0.09303884
7752.0 0.09258969
7754.0 0.09214811
7756.0 0.09170682
7758.0 0.09125594
7760.0 0.09078715
7762.0 0.09029771
7764.0 0.0897937
7766.0 0.08928715
7768.0 0.08879329
7770.0 0.08832468
7772.0 0.08788733
7774.0 0.08747813
7776.0 0.08708728
7778.0 0.08670213
7780.0 0.0863114
7782.0 0.08590892
7784.0 0.08549371
7786.0 0.08506931
7788.0 0.08464071
7790.0 0.08421111
7792.0 0.08378071
7794.0 0.08334689
7796.0 0.08290675
7798.0 0.08245888
7800.0 0.08200608
7802.0 0.08155543
7804.0 0.08111699
7806.0 0.08069955
7808.0 0.08030752
7810.0 0.07993759
7812.0 0.07957889
7814.0 0.07921569
7816.0 0.07883189
7818.0 0.07841713
7820.0 0.07797014
7822.0 0.07750077
7824.0 0.07702745
7826.0 0.076572
7828.0 0.07615145
7830.0 0.07577314
7832.0 0.07543059
7834.0 0.07510683
7836.0 0.07477968
7838.0 0.07443051
7840.0 0.07405038
7842.0 0.07364359
7844.0 0.0732256
7846.0 0.07281571
7848.0 0.07242926
7850.0 0.07207157
7852.0 0.0717357
7854.0 0.07140601
7856.0 0.07106506
7858.0 0.07070081
7860.0 0.07031159
7862.0 0.06990524
7864.0 0.06949578
7866.0 0.06909692
7868.0 0.06871705
7870.0 0.06835679
7872.0 0.06800951
7874.0 0.0676652
7876.0 0.06731514
7878.0 0.06695484
7880.0 0.06658664
7882.0 0.06621827
7884.0 0.06585996
7886.0 0.06552075
7888.0 0.06520569
7890.0 0.0649135
7892.0 0.06463742
7894.0 0.06436618
7896.0 0.06408801
7898.0 0.06379276
7900.0 0.0634749
7902.0 0.06313381
7904.0 0.06277249
7906.0 0.06239642
7908.0 0.06201169
7910.0 0.06162402
7912.0 0.06123904
7914.0 0.060863
7916.0 0.06050226
7918.0 0.06016287
7920.0 0.05984822
7922.0 0.05955837
7924.0 0.05928832
7926.0 0.0590299
7928.0 0.05877223
7930.0 0.05850523
7932.0 0.0582211
7934.0 0.05791567
7936.0 0.05758875
7938.0 0.05724376
7940.0 0.05688609
7942.0 0.05652216
7944.0 0.05615803
7946.0 0.05579824
7948.0 0.05544532
7950.0 0.05509973
7952.0 0.05476088
7954.0 0.05442901
7956.0 0.05410528
7958.0 0.05379314
7960.0 0.05349692
7962.0 0.05321995
7964.0 0.05296304
7966.0 0.0527229
7968.0 0.05249262
7970.0 0.0522636
7972.0 0.05202703
7974.0 0.05177584
7976.0 0.05150678
7978.0 0.05122009
7980.0 0.05091901
7982.0 0.05060912
7984.0 0.05029774
7986.0 0.04999323
7988.0 0.04970484
7990.0 0.04944092
7992.0 0.04920768
7994.0 0.04900709
7996.0 0.04883559
7998.0 0.04868427
8000.0 0.04854049
8002.0 0.0483909
8004.0 0.04822457
8006.0 0.04803526
8008.0 0.04782215
8010.0 0.04758901
8012.0 0.04734218
8014.0 0.04708826
8016.0 0.04683278
8018.0 0.04657913
8020.0 0.0463288
8022.0 0.04608191
8024.0 0.04583797
8026.0 0.04559602
8028.0 0.04535522
8030.0 0.04511469
8032.0 0.04487431
8034.0 0.04463416
8036.0 0.04439471
8038.0 0.04415656
8040.0 0.04392027
8042.0 0.04368601
8044.0 0.0434535
8046.0 0.04322206
8048.0 0.04299076
8050.0 0.04275882
8052.0 0.04252583
8054.0 0.04229191
8056.0 0.04205766
8058.0 0.04182397
8060.0 0.04159172
8062.0 0.04136152
8064.0 0.04113365
8066.0 0.04090799
8068.0 0.04068421
8070.0 0.04046192
8072.0 0.0402407
8074.0 0.04002019
8076.0 0.03980007
8078.0 0.03958002
8080.0 0.03935983
8082.0 0.03913941
8084.0 0.03891896
8086.0 0.03869891
8088.0 0.03847993
8090.0 0.03826274
8092.0 0.03804792
8094.0 0.03783575
8096.0 0.0376261
8098.0 0.03741845
8100.0 0.03721197
8102.0 0.0370058
8104.0 0.03679919
8106.0 0.03659172
8108.0 0.03638338
8110.0 0.03617455
8112.0 0.03596586
8114.0 0.03575801
8116.0 0.0355515
8118.0 0.03534667
8120.0 0.03514359
8122.0 0.03494214
8124.0 0.0347421
8126.0 0.0345432
8128.0 0.03434515
8130.0 0.03414764
8132.0 0.03395033
8134.0 0.03375297
8136.0 0.03355553
8138.0 0.03335822
8140.0 0.0331616
8142.0 0.03296641
8144.0 0.03277338
8146.0 0.03258296
8148.0 0.03239516
8150.0 0.03220947
8152.0 0.03202506
8154.0 0.031841
8156.0 0.03165655
8158.0 0.03147141
8160.0 0.03128578
8162.0 0.0311002
8164.0 0.03091546
8166.0 0.03073228
8168.0 0.03055118
8170.0 0.03037238
8172.0 0.03019574
8174.0 0.03002095
8176.0 0.02984751
8178.0 0.02967489
8180.0 0.02950264
8182.0 0.02933038
8184.0 0.02915792
8186.0 0.02898519
8188.0 0.02881231
8190.0 0.02863958
8192.0 0.0284674
8194.0 0.02829618
8196.0 0.02812632
8198.0 0.02795809
8200.0 0.02779159
8202.0 0.02762678
8204.0 0.02746344
8206.0 0.02730126
8208.0 0.02713982
8210.0 0.02697875
8212.0 0.02681773
8214.0 0.02665661
8216.0 0.02649535
8218.0 0.02633412
8220.0 0.0261732
8222.0 0.02601293
8224.0 0.02585361
8226.0 0.0256954
8228.0 0.0255383
8230.0 0.02538216
8232.0 0.02522675
8234.0 0.02507188
8236.0 0.02491754
8238.0 0.02476384
8240.0 0.02461108
8242.0 0.02445957
8244.0 0.02430955
8246.0 0.0241611
8248.0 0.02401408
8250.0 0.02386825
8252.0 0.02372331
8254.0 0.023579
8256.0 0.02343515
8258.0 0.02329164
8260.0 0.02314842
8262.0 0.02300542
8264.0 0.02286262
8266.0 0.02272007
8268.0 0.0225779
8270.0 0.02243636
8272.0 0.02229577
8274.0 0.02215641
8276.0 0.02201849
8278.0 0.02188204
8280.0 0.02174694
8282.0 0.02161294
8284.0 0.02147975
8286.0 0.0213471
8288.0 0.02121477
8290.0 0.02108262
8292.0 0.02095062
8294.0 0.02081882
8296.0 0.02068741
8298.0 0.02055664
8300.0 0.02042685
8302.0 0.0202983
8304.0 0.02017111
8306.0 0.02004517
8308.0 0.01992016
8310.0 0.0197956
8312.0 0.01967099
8314.0 0.019546
8316.0 0.01942052
8318.0 0.01929471
8320.0 0.01916889
8322.0 0.01904351
8324.0 0.01891893
8326.0 0.01879548
8328.0 0.01867333
8330.0 0.01855257
8332.0 0.01843323
8334.0 0.01831532
8336.0 0.01819878
8338.0 0.01808348
8340.0 0.01796923
8342.0 0.01785574
8344.0 0.01774273
8346.0 0.01762999
8348.0 0.01751744
8350.0 0.01740514
8352.0 0.0172933
8354.0 0.01718215
8356.0 0.01707188
8358.0 0.01696255
8360.0 0.0168541
8362.0 0.01674636
8364.0 0.01663915
8366.0 0.01653235
8368.0 0.01642589
8370.0 0.01631984
8372.0 0.01621429
8374.0 0.01610938
8376.0 0.01600522
8378.0 0.01590191
8380.0 0.01579953
8382.0 0.01569815
8384.0 0.0155978
8386.0 0.01549843
8388.0 0.01539993
8390.0 0.01530214
8392.0 0.01520486
8394.0 0.01510793
8396.0 0.01501126
8398.0 0.01491487
8400.0 0.01481883
8402.0 0.01472326
8404.0 0.01462827
8406.0 0.0145339
8408.0 0.01444016
8410.0 0.014347
8412.0 0.01425436
8414.0 0.01416216
8416.0 0.01407034
8418.0 0.01397885
8420.0 0.01388769
8422.0 0.01379689
8424.0 0.01370652
8426.0 0.0136167
8428.0 0.01352752
8430.0 0.01343906
8432.0 0.01335134
8434.0 0.01326434
8436.0 0.01317799
8438.0 0.0130922
8440.0 0.01300692
8442.0 0.0129221
8444.0 0.01283774
8446.0 0.01275387
8448.0 0.01267053
8450.0 0.01258776
8452.0 0.0125056
8454.0 0.012424
8456.0 0.01234288
8458.0 0.0122621
8460.0 0.01218152
8462.0 0.01210107
8464.0 0.01202076
8466.0 0.01194079
8468.0 0.0118614
8470.0 0.01178289
8472.0 0.01170544
8474.0 0.01162904
8476.0 0.0115535
8478.0 0.01147847
8480.0 0.01140358
8482.0 0.01132858
8484.0 0.01125337
8486.0 0.0111781
8488.0 0.01110302
8490.0 0.01102842
8492.0 0.01095454
8494.0 0.01088149
8496.0 0.01080926
8498.0 0.01073778
8500.0 0.01066692
8502.0 0.01059658
8504.0 0.01052662
8506.0 0.01045692
8508.0 0.01038738
8510.0 0.01031793
8512.0 0.01024857
8514.0 0.01017944
8516.0 0.01011076
8518.0 0.01004281
8520.0 0.009975867
8522.0 0.009910082
8524.0 0.009845452
8526.0 0.009781777
8528.0 0.009718717
8530.0 0.009655868
8532.0 0.009592879
8534.0 0.009529566
8536.0 0.009465949
8538.0 0.009402247
8540.0 0.00933878
8542.0 0.009275874
8544.0 0.009213742
8546.0 0.009152446
8548.0 0.009091897
8550.0 0.009031933
8552.0 0.008972393
8554.0 0.008913185
8556.0 0.00885428
8558.0 0.008795703
8560.0 0.008737477
8562.0 0.008679597
8564.0 0.008622033
8566.0 0.008564758
8568.0 0.008507774
8570.0 0.008451137
8572.0 0.008394934
8574.0 0.008339234
8576.0 0.008284062
8578.0 0.008229365
8580.0 0.008175036
8582.0 0.008120941
8584.0 0.008066979
8586.0 0.008013127
8588.0 0.007959424
8590.0 0.007905965
8592.0 0.00785285
8594.0 0.007800151
8596.0 0.007747895
8598.0 0.007696068
8600.0 0.007644642
8602.0 0.007593596
8604.0 0.007542928
8606.0 0.007492636
8608.0 0.007442708
8610.0 0.007393088
8612.0 0.007343685
8614.0 0.007294404
8616.0 0.007245178
8618.0 0.007195993
8620.0 0.007146918
8622.0 0.00709808
8624.0 0.007049624
8626.0 0.007001674
8628.0 0.006954294
8630.0 0.006907462
8632.0 0.006861101
8634.0 0.006815089
8636.0 0.006769305
8638.0 0.006723657
8640.0 0.006678094
8642.0 0.006632615
8644.0 0.006587259
8646.0 0.006542088
8648.0 0.006497185
8650.0 0.006452642
8652.0 0.00640855
8654.0 0.006364988
8656.0 0.006322014
8658.0 0.006279652
8660.0 0.006237863
8662.0 0.006196544
8664.0 0.006155532
8666.0 0.006114641
8668.0 0.006073709
8670.0 0.006032646
8672.0 0.005991463
8674.0 0.005950268
8676.0 0.005909236
8678.0 0.005868554
8680.0 0.005828366
8682.0 0.005788734
8684.0 0.005749642
8686.0 0.00571099
8688.0 0.005672651
8690.0 0.005634514
8692.0 0.005596509
8694.0 0.005558633
8696.0 0.005520927
8698.0 0.005483467
8700.0 0.005446318
8702.0 0.005409521
8704.0 0.005373067
8706.0 0.005336921
8708.0 0.00530103
8710.0 0.00526534
8712.0 0.005229814
8714.0 0.00519443
8716.0 0.00515918
8718.0 0.005124063
8720.0 0.005089087
8722.0 0.005054276
8724.0 0.005019666
8726.0 0.004985292
8728.0 0.004951183
8730.0 0.004917346
8732.0 0.004883767
8734.0 0.004850424
8736.0 0.00481731
8738.0 0.004784445
8740.0 0.004751879
8742.0 0.004719671
8744.0 0.004687858
8746.0 0.004656441
8748.0 0.004625368
8750.0 0.004594558
8752.0 0.004563918
8754.0 0.004533379
8756.0 0.004502905
8758.0 0.00447249
8760.0 0.004442145
8762.0 0.004411878
8764.0 0.004381685
8766.0 0.004351556
8768.0 0.004321486
8770.0 0.004291496
8772.0 0.004261637
8774.0 0.004231987
8776.0 0.004202639
8778.0 0.004173672
8780.0 0.004145139
8782.0 0.004117037
8784.0 0.004089322
8786.0 0.00406191
8788.0 0.004034696
8790.0 0.004007582
8792.0 0.003980505
8794.0 0.003953448
8796.0 0.003926447
8798.0 0.003899579
8800.0 0.003872932
8802.0 0.003846596
8804.0 0.003820622
8806.0 0.003795026
8808.0 0.003769781
8810.0 0.003744827
8812.0 0.003720092
8814.0 0.003695506
8816.0 0.003671017
8818.0 0.003646594
8820.0 0.003622224
8822.0 0.003597904
8824.0 0.003573643
8826.0 0.003549452
8828.0 0.003525354
8830.0 0.003501373
8832.0 0.003477548
8834.0 0.003453921
8836.0 0.003430535
8838.0 0.003407416
8840.0 0.003384566
8842.0 0.003361956
8844.0 0.003339528
8846.0 0.003317211
8848.0 0.003294944
8850.0 0.003272688
8852.0 0.003250448
8854.0 0.003228261
8856.0 0.003206187
8858.0 0.003184282
8860.0 0.003162587
8862.0 0.003141111
8864.0 0.003119836
8866.0 0.003098721
8868.0 0.003077722
8870.0 0.003056808
8872.0 0.003035963
8874.0 0.003015193
8876.0 0.002994524
8878.0 0.00297399
8880.0 0.002953627
8882.0 0.002933465
8884.0 0.002913516
8886.0 0.00289377
8888.0 0.002874202
8890.0 0.002854784
8892.0 0.002835495
8894.0 0.002816323
8896.0 0.002797278
8898.0 0.002778371
8900.0 0.002759614
8902.0 0.002741003
8904.0 0.002722526
8906.0 0.002704162
8908.0 0.002685887
8910.0 0.002667691
8912.0 0.002649575
8914.0 0.002631559
8916.0 0.002613675
8918.0 0.00259596
8920.0 0.002578449
8922.0 0.002561159
8924.0 0.002544085
8926.0 0.002527195
8928.0 0.002510434
8930.0 0.002493739
8932.0 0.002477052
8934.0 0.00246034
8936.0 0.002443604
8938.0 0.002426889
8940.0 0.002410269
8942.0 0.002393826
8944.0 0.002377629
8946.0 0.002361708
8948.0 0.002346049
8950.0 0.002330589
8952.0 0.002315241
8954.0 0.002299916
8956.0 0.002284553
8958.0 0.002269134
8960.0 0.002253687
8962.0 0.002238274
8964.0 0.002222965
8966.0 0.002207825
8968.0 0.002192893
8970.0 0.002178177
8972.0 0.002163654
8974.0 0.00214929
8976.0 0.002135043
8978.0 0.002120876
8980.0 0.002106762
8982.0 0.002092692
8984.0 0.002078675
8986.0 0.002064736
8988.0 0.002050906
8990.0 0.00203722
8992.0 0.002023705
8994.0 0.002010367
8996.0 0.001997191
8998.0 0.001984141
9000.0 0.001971176
9002.0 0.001958256
9004.0 0.001945364
9006.0 0.001932498
9008.0 0.001919677
9010.0 0.001906923
9012.0 0.001894252
9014.0 0.001881665
9016.0 0.001869148
9018.0 0.001856683
9020.0 0.001844257
9022.0 0.001831874
9024.0 0.001819555
9026.0 0.00180733
9028.0 0.001795234
9030.0 0.001783286
9032.0 0.001771481
9034.0 0.001759792
9036.0 0.001748179
9038.0 0.001736596
9040.0 0.001725015
9042.0 0.001713427
9044.0 0.001701853
9046.0 0.001690328
9048.0 0.001678899
9050.0 0.001667598
9052.0 0.001656447
9054.0 0.001645446
9056.0 0.001634581
9058.0 0.001623825
9060.0 0.001613146
9062.0 0.001602511
9064.0 0.00159189
9066.0 0.001581263
9068.0 0.001570623
9070.0 0.001559986
9072.0 0.001549382
9074.0 0.001538858
9076.0 0.001528456
9078.0 0.001518208
9080.0 0.001508124
9082.0 0.001498192
9084.0 0.001488382
9086.0 0.001478665
9088.0 0.001469011
9090.0 0.001459397
9092.0 0.001449807
9094.0 0.001440235
9096.0 0.001430679
9098.0 0.00142115
9100.0 0.001411671
9102.0 0.00140227
9104.0 0.001392975
9106.0 0.001383799
9108.0 0.001374732
9110.0 0.001365742
9112.0 0.001356786
9114.0 0.001347826
9116.0 0.001338844
9118.0 0.001329852
9120.0 0.001320884
9122.0 0.001311991
9124.0 0.001303211
9126.0 0.001294563
9128.0 0.001286033
9130.0 0.001277587
9132.0 0.001269185
9134.0 0.001260792
9136.0 0.001252396
9138.0 0.001244008
9140.0 0.001235652
9142.0 0.001227359
9144.0 0.001219154
9146.0 0.00121104
9148.0 0.001203008
9150.0 0.001195037
9152.0 0.001187103
9154.0 0.001179186
9156.0 0.001171281
9158.0 0.001163391
9160.0 0.00115553
9162.0 0.001147711
9164.0 0.001139946
9166.0 0.001132245
9168.0 0.001124609
9170.0 0.001117035
9172.0 0.001109517
9174.0 0.001102043
9176.0 0.001094601
9178.0 0.001087176
9180.0 0.00107976
9182.0 0.001072355
9184.0 0.00106498
9186.0 0.001057672
9188.0 0.001050474
9190.0 0.001043423
9192.0 0.001036538
9194.0 0.001029812
9196.0 0.001023206
9198.0 0.001016665
9200.0 0.001010134
9202.0 0.001003571
9204.0 0.00099696
9206.0 0.000990314
9208.0 0.000983666
9210.0 0.000977059
9212.0 0.00097053
9214.0 0.000964101
9216.0 0.000957778
9218.0 0.000951551
9220.0 0.000945398
9222.0 0.000939295
9224.0 0.000933217
9226.0 0.000927142
9228.0 0.000921057
9230.0 0.00091495
9232.0 0.000908815
9234.0 0.000902658
9236.0 0.00089649
9238.0 0.000890336
9240.0 0.000884234
9242.0 0.00087822
9244.0 0.000872326
9246.0 0.000866567
9248.0 0.000860934
9250.0 0.000855399
9252.0 0.000849923
9254.0 0.000844473
9256.0 0.000839031
9258.0 0.000833598
9260.0 0.000828194
9262.0 0.000822847
9264.0 0.000817577
9266.0 0.000812383
9268.0 0.00080725
9270.0 0.000802149
9272.0 0.000797047
9274.0 0.000791915
9276.0 0.000786742
9278.0 0.000781528
9280.0 0.000776288
9282.0 0.000771047
9284.0 0.000765833
9286.0 0.000760672
9288.0 0.000755585
9290.0 0.000750581
9292.0 0.000745661
9294.0 0.000740818
9296.0 0.000736037
9298.0 0.000731304
9300.0 0.000726599
9302.0 0.000721905
9304.0 0.000717206
9306.0 0.000712491
9308.0 0.000707758
9310.0 0.00070301
9312.0 0.000698263
9314.0 0.000693539
9316.0 0.000688866
9318.0 0.000684273
9320.0 0.000679784
9322.0 0.000675414
9324.0 0.000671164
9326.0 0.000667019
9328.0 0.000662944
9330.0 0.000658894
9332.0 0.000654819
9334.0 0.00065068
9336.0 0.000646456
9338.0 0.000642153
9340.0 0.000637805
9342.0 0.000633456
9344.0 0.000629154
9346.0 0.00062493
9348.0 0.000620794
9350.0 0.000616733
9352.0 0.000612726
9354.0 0.000608747
9356.0 0.000604781
9358.0 0.000600829
9360.0 0.000596903
9362.0 0.000593017
9364.0 0.000589185
9366.0 0.000585406
9368.0 0.000581674
9370.0 0.00057797
9372.0 0.000574281
9374.0 0.000570593
9376.0 0.000566908
9378.0 0.000563231
9380.0 0.000559572
9382.0 0.000555938
9384.0 0.000552333
9386.0 0.000548749
9388.0 0.000545178
9390.0 0.000541609
9392.0 0.000538038
9394.0 0.000534472
9396.0 0.000530919
9398.0 0.000527393
9400.0 0.000523903
9402.0 0.000520445
9404.0 0.000517012
9406.0 0.000513593
9408.0 0.000510181
9410.0 0.00050678
9412.0 0.0005034
9414.0 0.000500061
9416.0 0.000496777
9418.0 0.000493556
9420.0 0.000490392
9422.0 0.000487271
9424.0 0.000484172
9426.0 0.000481072
9428.0 0.000477956
9430.0 0.000474819
9432.0 0.000471668
9434.0 0.000468524
9436.0 0.000465414
9438.0 0.000462365
9440.0 0.000459394
9442.0 0.000456503
9444.0 0.000453675
9446.0 0.000450879
9448.0 0.000448086
9450.0 0.000445272
9452.0 0.000442428
9454.0 0.00043956
9456.0 0.000436688
9458.0 0.000433835
9460.0 0.000431022
9462.0 0.000428261
9464.0 0.000425551
9466.0 0.000422887
9468.0 0.000420253
9470.0 0.000417636
9472.0 0.000415026
9474.0 0.000412422
9476.0 0.00040983
9478.0 0.000407258
9480.0 0.000404716
9482.0 0.000402205
9484.0 0.000399718
9486.0 0.00039724
9488.0 0.000394757
9490.0 0.000392256
9492.0 0.000389733
9494.0 0.000387191
9496.0 0.000384634
9498.0 0.000382067
9500.0 0.00037949
9502.0 0.0003769
9504.0 0.000374295
9506.0 0.000371675
9508.0 0.000369052
9510.0 0.000366447
9512.0 0.00036389
9514.0 0.00036141
9516.0 0.000359029
9518.0 0.000356757
9520.0 0.000354582
9522.0 0.000352478
9524.0 0.00035041
9526.0 0.000348338
9528.0 0.000346234
9530.0 0.000344084
9532.0 0.00034189
9534.0 0.00033967
9536.0 0.000337445
9538.0 0.000335239
9540.0 0.000333067
9542.0 0.000330932
9544.0 0.00032883
9546.0 0.000326749
9548.0 0.000324674
9550.0 0.000322597
9552.0 0.000320516
9554.0 0.000318434
9556.0 0.000316363
9558.0 0.000314311
9560.0 0.000312292
9562.0 0.000310312
9564.0 0.000308376
9566.0 0.000306484
9568.0 0.000304628
9570.0 0.000302795
9572.0 0.000300969
9574.0 0.000299134
9576.0 0.000297276
9578.0 0.000295385
9580.0 0.000293461
9582.0 0.000291508
9584.0 0.000289541
9586.0 0.000287578
9588.0 0.00028564
9590.0 0.000283747
9592.0 0.000281908
9594.0 0.000280124
9596.0 0.000278386
9598.0 0.00027668
9600.0 0.000274992
9602.0 0.000273315
9604.0 0.000271654
9606.0 0.000270015
9608.0 0.000268406
9610.0 0.000266826
9612.0 0.000265264
9614.0 0.000263708
9616.0 0.000262147
9618.0 0.000260578
9620.0 0.000259009
9622.0 0.000257456
9624.0 0.00025593
9626.0 0.000254436
9628.0 0.00025297
9630.0 0.000251519
9632.0 0.000250066
9634.0 0.000248599
9636.0 0.00024711
9638.0 0.000245601
9640.0 0.000244081
9642.0 0.000242561
9644.0 0.000241058
9646.0 0.000239579
9648.0 0.000238128
9650.0 0.000236694
9652.0 0.000235262
9654.0 0.000233815
9656.0 0.000232339
9658.0 0.000230831
9660.0 0.0002293
9662.0 0.000227765
9664.0 0.000226248
9666.0 0.00022477
9668.0 0.00022334
9670.0 0.000221963
9672.0 0.000220633
9674.0 0.000219342
9676.0 0.000218074
9678.0 0.000216816
9680.0 0.000215556
9682.0 0.000214285
9684.0 0.000213005
9686.0 0.000211721
9688.0 0.000210442
9690.0 0.000209173
9692.0 0.000207913
9694.0 0.00020665
9696.0 0.000205368
9698.0 0.000204056
9700.0 0.000202708
9702.0 0.000201331
9704.0 0.000199948
9706.0 0.000198585
9708.0 0.000197266
9710.0 0.000196008
9712.0 0.000194812
9714.0 0.000193667
9716.0 0.000192554
9718.0 0.000191449
9720.0 0.000190332
9722.0 0.000189189
9724.0 0.000188017
9726.0 0.000186824
9728.0 0.000185625
9730.0 0.000184435
9732.0 0.000183268
9734.0 0.000182134
9736.0 0.000181035
9738.0 0.000179966
9740.0 0.000178922
9742.0 0.000177894
9744.0 0.000176873
9746.0 0.000175855
9748.0 0.000174839
9750.0 0.000173828
9752.0 0.000172823
9754.0 0.000171826
9756.0 0.000170837
9758.0 0.00016985
9760.0 0.000168864
9762.0 0.000167878
9764.0 0.000166897
9766.0 0.000165931
9768.0 0.000164991
9770.0 0.000164086
9772.0 0.000163218
9774.0 0.00016238
9776.0 0.000161557
9778.0 0.000160729
9780.0 0.000159874
9782.0 0.000158976
9784.0 0.000158028
9786.0 0.000157031
9788.0 0.000156001
9790.0 0.00015496
9792.0 0.000153932
9794.0 0.000152937
9796.0 0.000151983
9798.0 0.000151065
9800.0 0.000150165
9802.0 0.000149261
9804.0 0.000148334
9806.0 0.000147375
9808.0 0.000146389
9810.0 0.000145397
9812.0 0.000144431
9814.0 0.000143524
9816.0 0.000142708
9818.0 0.000141996
9820.0 0.000141382
9822.0 0.000140836
9824.0 0.000140312
9826.0 0.000139757
9828.0 0.000139123
9830.0 0.000138386
9832.0 0.000137544
9834.0 0.000136621
9836.0 0.000135654
9838.0 0.000134689
9840.0 0.000133763
9842.0 0.000132903
9844.0 0.00013212
9846.0 0.000131415
9848.0 0.00013078
9850.0 0.0001302
9852.0 0.000129658
9854.0 0.00012913
9856.0 0.000128589
9858.0 0.000128007
9860.0 0.000127354
9862.0 0.000126614
9864.0 0.000125785
9866.0 0.000124885
9868.0 0.000123949
9870.0 0.000123021
9872.0 0.000122142
9874.0 0.000121338
9876.0 0.000120615
9878.0 0.000119962
9880.0 0.000119356
9882.0 0.000118774
9884.0 0.000118195
9886.0 0.000117607
9888.0 0.000117001
9890.0 0.000116368
9892.0 0.000115703
9894.0 0.000115006
9896.0 0.000114291
9898.0 0.000113579
9900.0 0.000112897
9902.0 0.000112269
9904.0 0.000111703
9906.0 0.000111187
9908.0 0.000110693
9910.0 0.000110184
9912.0 0.00010963
9914.0 0.000109014
9916.0 0.000108336
9918.0 0.000107615
9920.0 0.000106876
9922.0 0.000106147
9924.0 0.000105453
9926.0 0.000104809
9928.0 0.000104226
9930.0 0.000103703
9932.0 0.000103232
9934.0 0.000102796
9936.0 0.000102371
9938.0 0.00010193
9940.0 0.000101447
9942.0 0.000100907
9944.0 0.000100304
9946.0 9.9647e-05
9948.0 9.8957e-05
9950.0 9.8257e-05
9952.0 9.7571e-05
9954.0 9.6915e-05
9956.0 9.6295e-05
9958.0 9.5708e-05
9960.0 9.5147e-05
9962.0 9.4602e-05
9964.0 9.4064e-05
9966.0 9.3526e-05
9968.0 9.2984e-05
9970.0 9.2441e-05
9972.0 9.1905e-05
9974.0 9.1387e-05
9976.0 9.0903e-05
9978.0 9.0461e-05
9980.0 9.0062e-05
9982.0 8.9689e-05
9984.0 8.9317e-05
9986.0 8.8917e-05
9988.0 8.8464e-05
9990.0 8.795e-05
9992.0 8.7385e-05
9994.0 8.6795e-05
9996.0 8.6215e-05
9998.0 8.5682e-05
10000.0 8.522e-05
10002.0 8.4835e-05
10004.0 8.4516e-05
10006.0 8.4228e-05
10008.0 8.3928e-05
10010.0 8.3572e-05
10012.0 8.3128e-05
10014.0 8.259e-05
10016.0 8.1981e-05
10018.0 8.1349e-05
10020.0 8.075e-05
10022.0 8.0234e-05
10024.0 7.9826e-05
10026.0 7.9515e-05
10028.0 7.9262e-05
10030.0 7.9013e-05
10032.0 7.8717e-05
10034.0 7.8347e-05
10036.0 7.7903e-05
10038.0 7.7412e-05
10040.0 7.6915e-05
10042.0 7.6451e-05
10044.0 7.6045e-05
10046.0 7.5697e-05
10048.0 7.5387e-05
10050.0 7.5084e-05
10052.0 7.4756e-05
10054.0 7.438e-05
10056.0 7.3954e-05
10058.0 7.3491e-05
10060.0 7.3015e-05
10062.0 7.2557e-05
10064.0 7.2137e-05
10066.0 7.1765e-05
10068.0 7.1437e-05
10070.0 7.1133e-05
10072.0 7.0828e-05
10074.0 7.0497e-05
10076.0 7.0123e-05
10078.0 6.9708e-05
10080.0 6.9264e-05
10082.0 6.8814e-05
10084.0 6.8378e-05
10086.0 6.7968e-05
10088.0 6.7579e-05
10090.0 6.7195e-05
10092.0 6.6799e-05
10094.0 6.6381e-05
10096.0 6.5954e-05
10098.0 6.5539e-05
10100.0 6.5168e-05
10102.0 6.4862e-05
10104.0 6.4624e-05
10106.0 6.4436e-05
10108.0 6.4263e-05
10110.0 6.407e-05
10112.0 6.3829e-05
10114.0 6.353e-05
10116.0 6.3178e-05
10118.0 6.2794e-05
10120.0 6.2404e-05
10122.0 6.2025e-05
10124.0 6.1672e-05
10126.0 6.1346e-05
10128.0 6.1042e-05
10130.0 6.0748e-05
10132.0 6.0459e-05
10134.0 6.0178e-05
10136.0 5.9918e-05
10138.0 5.97e-05
10140.0 5.9537e-05
10142.0 5.9431e-05
10144.0 5.9359e-05
10146.0 5.9279e-05
10148.0 5.9136e-05
10150.0 5.889e-05
10152.0 5.8523e-05
10154.0 5.8054e-05
10156.0 5.753e-05
10158.0 5.7014e-05
10160.0 5.6555e-05
10162.0 5.6181e-05
10164.0 5.5886e-05
10166.0 5.5643e-05
10168.0 5.5421e-05
10170.0 5.5199e-05
10172.0 5.4978e-05
10174.0 5.4769e-05
10176.0 5.4591e-05
10178.0 5.4446e-05
10180.0 5.4322e-05
10182.0 5.4192e-05
10184.0 5.4027e-05
10186.0 5.3807e-05
10188.0 5.3532e-05
10190.0 5.3218e-05
10192.0 5.2891e-05
10194.0 5.257e-05
10196.0 5.2265e-05
10198.0 5.1972e-05
10200.0 5.168e-05
10202.0 5.138e-05
10204.0 5.1069e-05
10206.0 5.075e-05
10208.0 5.0432e-05
10210.0 5.0123e-05
10212.0 4.9825e-05
10214.0 4.954e-05
10216.0 4.927e-05
10218.0 4.9025e-05
10220.0 4.8812e-05
10222.0 4.8638e-05
10224.0 4.8495e-05
10226.0 4.8364e-05
10228.0 4.8208e-05
10230.0 4.7995e-05
10232.0 4.7706e-05
10234.0 4.7343e-05
10236.0 4.6934e-05
10238.0 4.6523e-05
10240.0 4.6148e-05
10242.0 4.5835e-05
10244.0 4.5588e-05
10246.0 4.5395e-05
10248.0 4.5237e-05
10250.0 4.5099e-05
10252.0 4.4974e-05
10254.0 4.4866e-05
10256.0 4.4784e-05
10258.0 4.4728e-05
10260.0 4.4693e-05
10262.0 4.4662e-05
10264.0 4.4613e-05
10266.0 4.4525e-05
10268.0 4.4388e-05
10270.0 4.4195e-05
10272.0 4.3954e-05
10274.0 4.3675e-05
10276.0 4.3368e-05
10278.0 4.3043e-05
10280.0 4.2704e-05
10282.0 4.2355e-05
10284.0 4.2e-05
10286.0 4.1648e-05
10288.0 4.1315e-05
10290.0 4.1021e-05
10292.0 4.0783e-05
10294.0 4.0616e-05
10296.0 4.0521e-05
10298.0 4.0486e-05
10300.0 4.049e-05
10302.0 4.051e-05
10304.0 4.0518e-05
10306.0 4.0498e-05
10308.0 4.0442e-05
10310.0 4.0353e-05
10312.0 4.0236e-05
10314.0 4.0095e-05
10316.0 3.9929e-05
10318.0 3.9735e-05
10320.0 3.951e-05
10322.0 3.9256e-05
10324.0 3.898e-05
10326.0 3.8697e-05
10328.0 3.842e-05
10330.0 3.8159e-05
10332.0 3.7917e-05
10334.0 3.7694e-05
10336.0 3.7486e-05
10338.0 3.7295e-05
10340.0 3.7123e-05
10342.0 3.6972e-05
10344.0 3.6842e-05
10346.0 3.6726e-05
10348.0 3.6616e-05
10350.0 3.6509e-05
10352.0 3.6405e-05
10354.0 3.6307e-05
10356.0 3.622e-05
10358.0 3.6139e-05
10360.0 3.6049e-05
10362.0 3.5931e-05
10364.0 3.5767e-05
10366.0 3.5556e-05
10368.0 3.5315e-05
10370.0 3.5074e-05
10372.0 3.4864e-05
10374.0 3.4701e-05
10376.0 3.4584e-05
10378.0 3.449e-05
10380.0 3.4388e-05
10382.0 3.4255e-05
10384.0 3.4083e-05
10386.0 3.3883e-05
10388.0 3.3676e-05
10390.0 3.3486e-05
10392.0 3.3326e-05
10394.0 3.3198e-05
10396.0 3.3087e-05
10398.0 3.2977e-05
10400.0 3.285e-05
10402.0 3.2703e-05
10404.0 3.2543e-05
10406.0 3.2389e-05
10408.0 3.226e-05
10410.0 3.217e-05
10412.0 3.2118e-05
10414.0 3.2084e-05
10416.0 3.2035e-05
10418.0 3.1931e-05
10420.0 3.1743e-05
10422.0 3.1457e-05
10424.0 3.1086e-05
10426.0 3.0661e-05
10428.0 3.0233e-05
10430.0 2.9851e-05
10432.0 2.9553e-05
10434.0 2.936e-05
10436.0 2.9269e-05
10438.0 2.9259e-05
10440.0 2.9292e-05
10442.0 2.9331e-05
10444.0 2.9346e-05
10446.0 2.9323e-05
10448.0 2.9265e-05
10450.0 2.9188e-05
10452.0 2.9112e-05
10454.0 2.9057e-05
10456.0 2.9032e-05
10458.0 2.9032e-05
10460.0 2.9044e-05
10462.0 2.9048e-05
10464.0 2.9025e-05
10466.0 2.8963e-05
10468.0 2.886e-05
10470.0 2.8726e-05
10472.0 2.8573e-05
10474.0 2.8422e-05
10476.0 2.8287e-05
10478.0 2.8178e-05
10480.0 2.8093e-05
10482.0 2.8024e-05
10484.0 2.7954e-05
10486.0 2.7865e-05
10488.0 2.7742e-05
10490.0 2.7577e-05
10492.0 2.7376e-05
10494.0 2.715e-05
10496.0 2.6917e-05
10498.0 2.6694e-05
10500.0 2.6494e-05
10502.0 2.6325e-05
10504.0 2.6188e-05
10506.0 2.6083e-05
10508.0 2.6004e-05
10510.0 2.5951e-05
10512.0 2.5919e-05
10514.0 2.5901e-05
10516.0 2.5891e-05
10518.0 2.5874e-05
10520.0 2.5837e-05
10522.0 2.5765e-05
10524.0 2.5649e-05
10526.0 2.5489e-05
10528.0 2.5296e-05
10530.0 2.5085e-05
10532.0 2.4877e-05
10534.0 2.4686e-05
10536.0 2.4517e-05
10538.0 2.4368e-05
10540.0 2.4231e-05
10542.0 2.4097e-05
10544.0 2.3962e-05
10546.0 2.3822e-05
10548.0 2.3675e-05
10550.0 2.352e-05
10552.0 2.3352e-05
10554.0 2.3172e-05
10556.0 2.2988e-05
10558.0 2.282e-05
10560.0 2.2694e-05
10562.0 2.2636e-05
10564.0 2.2656e-05
10566.0 2.2744e-05
10568.0 2.2869e-05
10570.0 2.2991e-05
10572.0 2.3071e-05
10574.0 2.3088e-05
10576.0 2.3039e-05
10578.0 2.2943e-05
10580.0 2.2826e-05
10582.0 2.2716e-05
10584.0 2.2627e-05
10586.0 2.2561e-05
10588.0 2.2505e-05
10590.0 2.2441e-05
10592.0 2.2351e-05
10594.0 2.2226e-05
10596.0 2.2073e-05
10598.0 2.1914e-05
10600.0 2.1778e-05
10602.0 2.1691e-05
10604.0 2.1669e-05
10606.0 2.1703e-05
10608.0 2.1766e-05
10610.0 2.1818e-05
10612.0 2.1822e-05
10614.0 2.1753e-05
10616.0 2.1616e-05
10618.0 2.1436e-05
10620.0 2.1251e-05
10622.0 2.1095e-05
10624.0 2.0988e-05
10626.0 2.0926e-05
10628.0 2.0885e-05
10630.0 2.0833e-05
10632.0 2.074e-05
10634.0 2.0594e-05
10636.0 2.0403e-05
10638.0 2.0194e-05
10640.0 2.0003e-05
10642.0 1.9861e-05
10644.0 1.9787e-05
10646.0 1.9783e-05
10648.0 1.983e-05
10650.0 1.9901e-05
10652.0 1.9969e-05
10654.0 2.0012e-05
10656.0 2.0018e-05
10658.0 1.9982e-05
10660.0 1.9905e-05
10662.0 1.9794e-05
10664.0 1.9659e-05
10666.0 1.9518e-05
10668.0 1.9389e-05
10670.0 1.9296e-05
10672.0 1.9256e-05
10674.0 1.9273e-05
10676.0 1.9335e-05
10678.0 1.9413e-05
10680.0 1.9469e-05
10682.0 1.9469e-05
10684.0 1.9389e-05
10686.0 1.9229e-05
10688.0 1.901e-05
10690.0 1.877e-05
10692.0 1.8552e-05
10694.0 1.8392e-05
10696.0 1.8308e-05
10698.0 1.8295e-05
10700.0 1.8331e-05
10702.0 1.8379e-05
10704.0 1.8403e-05
10706.0 1.8378e-05
10708.0 1.8299e-05
10710.0 1.8177e-05
10712.0 1.8039e-05
10714.0 1.7909e-05
10716.0 1.7803e-05
10718.0 1.7722e-05
10720.0 1.7655e-05
10722.0 1.7588e-05
10724.0 1.751e-05
10726.0 1.742e-05
10728.0 1.7324e-05
10730.0 1.7234e-05
10732.0 1.7156e-05
10734.0 1.7091e-05
10736.0 1.7031e-05
10738.0 1.6967e-05
10740.0 1.6893e-05
10742.0 1.6814e-05
10744.0 1.6738e-05
10746.0 1.6678e-05
10748.0 1.6645e-05
10750.0 1.6643e-05
10752.0 1.6671e-05
10754.0 1.6723e-05
10756.0 1.6791e-05
10758.0 1.6865e-05
10760.0 1.6932e-05
10762.0 1.6975e-05
10764.0 1.6975e-05
10766.0 1.6916e-05
10768.0 1.6791e-05
10770.0 1.6603e-05
10772.0 1.6374e-05
10774.0 1.6136e-05
10776.0 1.5929e-05
10778.0 1.5785e-05
10780.0 1.5725e-05
10782.0 1.575e-05
10784.0 1.5842e-05
10786.0 1.597e-05
10788.0 1.6096e-05
10790.0 1.6191e-05
10792.0 1.6232e-05
10794.0 1.6216e-05
10796.0 1.6148e-05
10798.0 1.6042e-05
10800.0 1.5913e-05
10802.0 1.5767e-05
10804.0 1.5603e-05
10806.0 1.5416e-05
10808.0 1.5205e-05
10810.0 1.4977e-05
10812.0 1.4758e-05
10814.0 1.4585e-05
10816.0 1.4497e-05
10818.0 1.4516e-05
10820.0 1.4642e-05
10822.0 1.484e-05
10824.0 1.5054e-05
10826.0 1.5219e-05
10828.0 1.5285e-05
10830.0 1.5232e-05
10832.0 1.5077e-05
10834.0 1.4863e-05
10836.0 1.4648e-05
10838.0 1.448e-05
10840.0 1.4389e-05
10842.0 1.4379e-05
10844.0 1.4431e-05
10846.0 1.4513e-05
10848.0 1.4589e-05
10850.0 1.4629e-05
10852.0 1.4613e-05
10854.0 1.4535e-05
10856.0 1.4408e-05
10858.0 1.4254e-05
10860.0 1.4102e-05
10862.0 1.398e-05
10864.0 1.3906e-05
10866.0 1.3886e-05
10868.0 1.3913e-05
10870.0 1.3974e-05
10872.0 1.4056e-05
10874.0 1.4147e-05
10876.0 1.4246e-05
10878.0 1.4348e-05
10880.0 1.4446e-05
10882.0 1.4523e-05
10884.0 1.4557e-05
10886.0 1.4528e-05
10888.0 1.4427e-05
10890.0 1.4259e-05
10892.0 1.4048e-05
10894.0 1.383e-05
10896.0 1.3641e-05
10898.0 1.3508e-05
10900.0 1.3443e-05
10902.0 1.344e-05
10904.0 1.3483e-05
10906.0 1.3552e-05
10908.0 1.363e-05
10910.0 1.3704e-05
10912.0 1.3768e-05
10914.0 1.3812e-05
10916.0 1.3823e-05
10918.0 1.3784e-05
10920.0 1.3684e-05
10922.0 1.3522e-05
10924.0 1.3308e-05
10926.0 1.3066e-05
10928.0 1.2829e-05
10930.0 1.263e-05
10932.0 1.2493e-05
10934.0 1.2428e-05
10936.0 1.2429e-05
10938.0 1.2477e-05
10940.0 1.2548e-05
10942.0 1.2611e-05
10944.0 1.2645e-05
10946.0 1.2635e-05
10948.0 1.2581e-05
10950.0 1.2493e-05
10952.0 1.2393e-05
10954.0 1.2301e-05
10956.0 1.2234e-05
10958.0 1.2194e-05
10960.0 1.2176e-05
10962.0 1.216e-05
10964.0 1.2129e-05
10966.0 1.207e-05
10968.0 1.1986e-05
10970.0 1.1888e-05
10972.0 1.1795e-05
10974.0 1.1728e-05
10976.0 1.1697e-05
10978.0 1.1701e-05
10980.0 1.1729e-05
10982.0 1.1766e-05
10984.0 1.1801e-05
10986.0 1.1831e-05
10988.0 1.1861e-05
10990.0 1.1897e-05
10992.0 1.1938e-05
10994.0 1.1979e-05
10996.0 1.2006e-05
10998.0 1.2005e-05
11000.0 1.1971e-05
11002.0 1.1908e-05
11004.0 1.1829e-05
11006.0 1.1747e-05
11008.0 1.1664e-05
11010.0 1.1575e-05
11012.0 1.146e-05
11014.0 1.1303e-05
11016.0 1.1102e-05
11018.0 1.0871e-05
11020.0 1.0638e-05
11022.0 1.0439e-05
11024.0 1.0301e-05
11026.0 1.0241e-05
11028.0 1.025e-05
11030.0 1.031e-05
11032.0 1.0396e-05
11034.0 1.0486e-05
11036.0 1.0565e-05
11038.0 1.063e-05
11040.0 1.0685e-05
11042.0 1.0735e-05
11044.0 1.0787e-05
11046.0 1.0843e-05
11048.0 1.0898e-05
11050.0 1.0944e-05
11052.0 1.0971e-05
11054.0 1.097e-05
11056.0 1.0938e-05
11058.0 1.0881e-05
11060.0 1.0812e-05
11062.0 1.0743e-05
11064.0 1.0683e-05
11066.0 1.0634e-05
11068.0 1.0589e-05
11070.0 1.0543e-05
11072.0 1.0492e-05
11074.0 1.0432e-05
11076.0 1.0367e-05
11078.0 1.0299e-05
11080.0 1.0231e-05
11082.0 1.0161e-05
11084.0 1.009e-05
11086.0 1.002e-05
11088.0 9.964e-06
11090.0 9.934e-06
11092.0 9.945e-06
11094.0 1.0002e-05
11096.0 1.0099e-05
11098.0 1.0214e-05
11100.0 1.0314e-05
11102.0 1.0365e-05
11104.0 1.0344e-05
11106.0 1.0246e-05
11108.0 1.0094e-05
11110.0 9.926e-06
11112.0 9.785e-06
11114.0 9.708e-06
11116.0 9.709e-06
11118.0 9.781e-06
11120.0 9.896e-06
11122.0 1.002e-05
11124.0 1.0123e-05
11126.0 1.0188e-05
11128.0 1.0207e-05
11130.0 1.0186e-05
11132.0 1.0132e-05
11134.0 1.0055e-05
11136.0 9.963e-06
11138.0 9.864e-06
11140.0 9.769e-06
11142.0 9.689e-06
11144.0 9.641e-06
11146.0 9.636e-06
11148.0 9.673e-06
11150.0 9.745e-06
11152.0 9.828e-06
11154.0 9.896e-06
11156.0 9.922e-06
11158.0 9.891e-06
11160.0 9.808e-06
11162.0 9.69e-06
11164.0 9.565e-06
11166.0 9.463e-06
11168.0 9.399e-06
11170.0 9.378e-06
11172.0 9.39e-06
11174.0 9.417e-06
11176.0 9.444e-06
11178.0 9.466e-06
11180.0 9.482e-06
11182.0 9.496e-06
11184.0 9.512e-06
11186.0 9.526e-06
11188.0 9.529e-06
11190.0 9.504e-06
11192.0 9.445e-06
11194.0 9.352e-06
11196.0 9.238e-06
11198.0 9.125e-06
11200.0 9.042e-06
11202.0 9.008e-06
11204.0 9.027e-06
11206.0 9.092e-06
11208.0 9.178e-06
11210.0 9.256e-06
11212.0 9.297e-06
11214.0 9.281e-06
11216.0 9.202e-06
11218.0 9.065e-06
11220.0 8.889e-06
11222.0 8.7e-06
11224.0 8.528e-06
11226.0 8.399e-06
11228.0 8.332e-06
11230.0 8.334e-06
11232.0 8.397e-06
11234.0 8.501e-06
11236.0 8.616e-06
11238.0 8.714e-06
11240.0 8.777e-06
11242.0 8.798e-06
11244.0 8.786e-06
11246.0 8.758e-06
11248.0 8.732e-06
11250.0 8.723e-06
11252.0 8.733e-06
11254.0 8.755e-06
11256.0 8.773e-06
11258.0 8.769e-06
11260.0 8.727e-06
11262.0 8.645e-06
11264.0 8.533e-06
11266.0 8.409e-06
11268.0 8.298e-06
11270.0 8.218e-06
11272.0 8.181e-06
11274.0 8.185e-06
11276.0 8.221e-06
11278.0 8.277e-06
11280.0 8.341e-06
11282.0 8.404e-06
11284.0 8.461e-06
11286.0 8.501e-06
11288.0 8.519e-06
11290.0 8.503e-06
11292.0 8.453e-06
11294.0 8.371e-06
11296.0 8.275e-06
11298.0 8.182e-06
11300.0 8.113e-06
11302.0 8.076e-06
11304.0 8.07e-06
11306.0 8.085e-06
11308.0 8.11e-06
11310.0 8.133e-06
11312.0 8.156e-06
11314.0 8.182e-06
11316.0 8.22e-06
11318.0 8.274e-06
11320.0 8.34e-06
11322.0 8.407e-06
11324.0 8.466e-06
11326.0 8.508e-06
11328.0 8.536e-06
11330.0 8.557e-06
11332.0 8.583e-06
11334.0 8.619e-06
11336.0 8.659e-06
11338.0 8.687e-06
11340.0 8.685e-06
11342.0 8.632e-06
11344.0 8.523e-06
11346.0 8.363e-06
11348.0 8.172e-06
11350.0 7.973e-06
11352.0 7.795e-06
11354.0 7.656e-06
11356.0 7.569e-06
11358.0 7.533e-06
11360.0 7.541e-06
11362.0 7.573e-06
11364.0 7.609e-06
11366.0 7.629e-06
11368.0 7.621e-06
11370.0 7.581e-06
11372.0 7.518e-06
11374.0 7.446e-06
11376.0 7.388e-06
11378.0 7.366e-06
11380.0 7.395e-06
11382.0 7.481e-06
11384.0 7.62e-06
11386.0 7.797e-06
11388.0 7.991e-06
11390.0 8.175e-06
11392.0 8.325e-06
11394.0 8.422e-06
11396.0 8.456e-06
11398.0 8.427e-06
11400.0 8.346e-06
11402.0 8.23e-06
11404.0 8.1e-06
11406.0 7.975e-06
11408.0 7.867e-06
11410.0 7.781e-06
11412.0 7.712e-06
11414.0 7.654e-06
11416.0 7.603e-06
11418.0 7.56e-06
11420.0 7.531e-06
11422.0 7.524e-06
11424.0 7.543e-06
11426.0 7.585e-06
11428.0 7.638e-06
11430.0 7.688e-06
11432.0 7.725e-06
11434.0 7.743e-06
11436.0 7.75e-06
11438.0 7.756e-06
11440.0 7.771e-06
11442.0 7.798e-06
11444.0 7.824e-06
11446.0 7.831e-06
11448.0 7.797e-06
11450.0 7.715e-06
11452.0 7.593e-06
11454.0 7.452e-06
11456.0 7.326e-06
11458.0 7.241e-06
11460.0 7.207e-06
11462.0 7.216e-06
11464.0 7.24e-06
11466.0 7.248e-06
11468.0 7.214e-06
11470.0 7.135e-06
11472.0 7.025e-06
11474.0 6.908e-06
11476.0 6.809e-06
11478.0 6.744e-06
11480.0 6.711e-06
11482.0 6.699e-06
11484.0 6.693e-06
11486.0 6.685e-06
11488.0 6.681e-06
11490.0 6.691e-06
11492.0 6.729e-06
11494.0 6.803e-06
11496.0 6.907e-06
11498.0 7.023e-06
11500.0 7.128e-06
11502.0 7.199e-06
11504.0 7.22e-06
11506.0 7.185e-06
11508.0 7.1e-06
11510.0 6.975e-06
11512.0 6.827e-06
11514.0 6.676e-06
11516.0 6.542e-06
11518.0 6.444e-06
11520.0 6.398e-06
11522.0 6.411e-06
11524.0 6.482e-06
11526.0 6.595e-06
11528.0 6.728e-06
11530.0 6.85e-06
11532.0 6.939e-06
11534.0 6.979e-06
11536.0 6.965e-06
11538.0 6.901e-06
11540.0 6.797e-06
11542.0 6.664e-06
11544.0 6.517e-06
11546.0 6.373e-06
11548.0 6.247e-06
11550.0 6.158e-06
11552.0 6.117e-06
11554.0 6.131e-06
11556.0 6.194e-06
11558.0 6.293e-06
11560.0 6.411e-06
11562.0 6.53e-06
11564.0 6.639e-06
11566.0 6.73e-06
11568.0 6.798e-06
11570.0 6.841e-06
11572.0 6.862e-06
11574.0 6.864e-06
11576.0 6.856e-06
11578.0 6.85e-06
11580.0 6.857e-06
11582.0 6.88e-06
11584.0 6.92e-06
11586.0 6.966e-06
11588.0 7.006e-06
11590.0 7.028e-06
11592.0 7.028e-06
11594.0 7.006e-06
11596.0 6.971e-06
11598.0 6.932e-06
11600.0 6.897e-06
11602.0 6.867e-06
11604.0 6.84e-06
11606.0 6.805e-06
11608.0 6.755e-06
11610.0 6.683e-06
11612.0 6.59e-06
11614.0 6.485e-06
11616.0 6.382e-06
11618.0 6.295e-06
11620.0 6.242e-06
11622.0 6.23e-06
11624.0 6.261e-06
11626.0 6.328e-06
11628.0 6.413e-06
11630.0 6.495e-06
11632.0 6.549e-06
11634.0 6.56e-06
11636.0 6.526e-06
11638.0 6.457e-06
11640.0 6.379e-06
11642.0 6.323e-06
11644.0 6.308e-06
11646.0 6.345e-06
11648.0 6.421e-06
11650.0 6.513e-06
11652.0 6.596e-06
11654.0 6.65e-06
11656.0 6.669e-06
11658.0 6.656e-06
11660.0 6.626e-06
11662.0 6.591e-06
11664.0 6.563e-06
11666.0 6.551e-06
11668.0 6.562e-06
11670.0 6.597e-06
11672.0 6.655e-06
11674.0 6.728e-06
11676.0 6.803e-06
11678.0 6.866e-06
11680.0 6.906e-06
11682.0 6.916e-06
11684.0 6.897e-06
11686.0 6.858e-06
11688.0 6.809e-06
11690.0 6.759e-06
11692.0 6.714e-06
11694.0 6.675e-06
11696.0 6.644e-06
11698.0 6.619e-06
11700.0 6.604e-06
11702.0 6.602e-06
11704.0 6.618e-06
11706.0 6.655e-06
11708.0 6.709e-06
11710.0 6.769e-06
11712.0 6.818e-06
11714.0 6.835e-06
11716.0 6.804e-06
11718.0 6.712e-06
11720.0 6.56e-06
11722.0 6.36e-06
11724.0 6.136e-06
11726.0 5.915e-06
11728.0 5.728e-06
11730.0 5.596e-06
11732.0 5.528e-06
11734.0 5.52e-06
11736.0 5.558e-06
11738.0 5.619e-06
11740.0 5.681e-06
11742.0 5.728e-06
11744.0 5.752e-06
11746.0 5.754e-06
11748.0 5.745e-06
11750.0 5.742e-06
11752.0 5.763e-06
11754.0 5.823e-06
11756.0 5.926e-06
11758.0 6.064e-06
11760.0 6.215e-06
11762.0 6.353e-06
11764.0 6.454e-06
11766.0 6.502e-06
11768.0 6.498e-06
11770.0 6.455e-06
11772.0 6.396e-06
11774.0 6.337e-06
11776.0 6.291e-06
11778.0 6.259e-06
11780.0 6.236e-06
11782.0 6.215e-06
11784.0 6.194e-06
11786.0 6.171e-06
11788.0 6.15e-06
11790.0 6.13e-06
11792.0 6.108e-06
11794.0 6.077e-06
11796.0 6.029e-06
11798.0 5.961e-06
11800.0 5.881e-06
11802.0 5.807e-06
11804.0 5.765e-06
11806.0 5.777e-06
11808.0 5.858e-06
11810.0 6.007e-06
11812.0 6.205e-06
11814.0 6.42e-06
11816.0 6.611e-06
11818.0 6.744e-06
11820.0 6.797e-06
11822.0 6.761e-06
11824.0 6.647e-06
11826.0 6.477e-06
11828.0 6.279e-06
11830.0 6.083e-06
11832.0 5.91e-06
11834.0 5.774e-06
11836.0 5.678e-06
11838.0 5.618e-06
11840.0 5.584e-06
11842.0 5.566e-06
11844.0 5.561e-06
11846.0 5.568e-06
11848.0 5.59e-06
11850.0 5.632e-06
11852.0 5.693e-06
11854.0 5.765e-06
11856.0 5.829e-06
11858.0 5.866e-06
11860.0 5.861e-06
11862.0 5.809e-06
11864.0 5.72e-06
11866.0 5.62e-06
11868.0 5.536e-06
11870.0 5.492e-06
11872.0 5.495e-06
11874.0 5.531e-06
11876.0 5.575e-06
11878.0 5.597e-06
11880.0 5.578e-06
11882.0 5.513e-06
11884.0 5.418e-06
11886.0 5.321e-06
11888.0 5.251e-06
11890.0 5.227e-06
11892.0 5.251e-06
11894.0 5.308e-06
11896.0 5.371e-06
11898.0 5.411e-06
11900.0 5.41e-06
11902.0 5.362e-06
11904.0 5.277e-06
11906.0 5.181e-06
11908.0 5.106e-06
11910.0 5.08e-06
11912.0 5.129e-06
11914.0 5.258e-06
11916.0 5.457e-06
11918.0 5.697e-06
11920.0 5.937e-06
11922.0 6.135e-06
11924.0 6.255e-06
11926.0 6.28e-06
11928.0 6.221e-06
11930.0 6.103e-06
11932.0 5.966e-06
11934.0 5.851e-06
11936.0 5.786e-06
11938.0 5.782e-06
11940.0 5.835e-06
11942.0 5.927e-06
11944.0 6.039e-06
11946.0 6.153e-06
11948.0 6.257e-06
11950.0 6.34e-06
11952.0 6.397e-06
11954.0 6.418e-06
11956.0 6.395e-06
11958.0 6.32e-06
11960.0 6.191e-06
11962.0 6.012e-06
11964.0 5.796e-06
11966.0 5.561e-06
11968.0 5.33e-06
11970.0 5.124e-06
11972.0 4.959e-06
11974.0 4.846e-06
11976.0 4.791e-06
11978.0 4.796e-06
11980.0 4.856e-06
11982.0 4.963e-06
11984.0 5.102e-06
11986.0 5.254e-06
11988.0 5.395e-06
11990.0 5.505e-06
11992.0 5.572e-06
11994.0 5.592e-06
11996.0 5.572e-06
11998.0 5.524e-06
12000.0 5.466e-06
12002.0 5.408e-06
12004.0 5.361e-06
12006.0 5.328e-06
12008.0 5.314e-06
12010.0 5.319e-06
12012.0 5.347e-06
12014.0 5.395e-06
12016.0 5.459e-06
12018.0 5.524e-06
12020.0 5.575e-06
12022.0 5.594e-06
12024.0 5.572e-06
12026.0 5.508e-06
12028.0 5.415e-06
12030.0 5.31e-06
12032.0 5.215e-06
12034.0 5.144e-06
12036.0 5.105e-06
12038.0 5.096e-06
12040.0 5.118e-06
12042.0 5.166e-06
12044.0 5.236e-06
12046.0 5.326e-06
12048.0 5.426e-06
12050.0 5.522e-06
12052.0 5.597e-06
12054.0 5.64e-06
12056.0 5.645e-06
12058.0 5.619e-06
12060.0 5.579e-06
12062.0 5.544e-06
12064.0 5.527e-06
12066.0 5.531e-06
12068.0 5.554e-06
12070.0 5.586e-06
12072.0 5.615e-06
12074.0 5.633e-06
12076.0 5.631e-06
12078.0 5.607e-06
12080.0 5.558e-06
12082.0 5.491e-06
12084.0 5.417e-06
12086.0 5.357e-06
12088.0 5.327e-06
12090.0 5.333e-06
12092.0 5.372e-06
12094.0 5.422e-06
12096.0 5.454e-06
12098.0 5.445e-06
12100.0 5.383e-06
12102.0 5.277e-06
12104.0 5.15e-06
12106.0 5.034e-06
12108.0 4.955e-06
12110.0 4.937e-06
12112.0 4.986e-06
12114.0 5.1e-06
12116.0 5.263e-06
12118.0 5.453e-06
12120.0 5.642e-06
12122.0 5.798e-06
12124.0 5.895e-06
12126.0 5.92e-06
12128.0 5.876e-06
12130.0 5.783e-06
12132.0 5.67e-06
12134.0 5.568e-06
12136.0 5.493e-06
12138.0 5.448e-06
12140.0 5.42e-06
12142.0 5.387e-06
12144.0 5.332e-06
12146.0 5.245e-06
12148.0 5.128e-06
12150.0 4.997e-06
12152.0 4.87e-06
12154.0 4.769e-06
12156.0 4.708e-06
12158.0 4.695e-06
12160.0 4.728e-06
12162.0 4.795e-06
12164.0 4.879e-06
12166.0 4.963e-06
12168.0 5.033e-06
12170.0 5.084e-06
12172.0 5.122e-06
12174.0 5.159e-06
12176.0 5.205e-06
12178.0 5.265e-06
12180.0 5.336e-06
12182.0 5.408e-06
12184.0 5.468e-06
12186.0 5.505e-06
12188.0 5.517e-06
12190.0 5.509e-06
12192.0 5.491e-06
12194.0 5.469e-06
12196.0 5.447e-06
12198.0 5.419e-06
12200.0 5.377e-06
12202.0 5.313e-06
12204.0 5.225e-06
12206.0 5.118e-06
12208.0 5.004e-06
12210.0 4.897e-06
12212.0 4.809e-06
12214.0 4.756e-06
12216.0 4.743e-06
12218.0 4.777e-06
12220.0 4.859e-06
12222.0 4.981e-06
12224.0 5.125e-06
12226.0 5.266e-06
12228.0 5.374e-06
12230.0 5.425e-06
12232.0 5.409e-06
12234.0 5.338e-06
12236.0 5.237e-06
12238.0 5.14e-06
12240.0 5.068e-06
12242.0 5.03e-06
12244.0 5.017e-06
12246.0 5.009e-06
12248.0 4.99e-06
12250.0 4.961e-06
12252.0 4.937e-06
12254.0 4.942e-06
12256.0 4.996e-06
12258.0 5.102e-06
12260.0 5.243e-06
12262.0 5.383e-06
12264.0 5.482e-06
12266.0 5.512e-06
12268.0 5.466e-06
12270.0 5.362e-06
12272.0 5.231e-06
12274.0 5.113e-06
12276.0 5.035e-06
12278.0 5.012e-06
12280.0 5.04e-06
12282.0 5.099e-06
12284.0 5.167e-06
12286.0 5.225e-06
12288.0 5.261e-06
12290.0 5.277e-06
12292.0 5.281e-06
12294.0 5.286e-06
12296.0 5.305e-06
12298.0 5.34e-06
12300.0 5.387e-06
12302.0 5.432e-06
12304.0 5.458e-06
12306.0 5.447e-06
12308.0 5.39e-06
12310.0 5.283e-06
12312.0 5.132e-06
12314.0 4.954e-06
12316.0 4.768e-06
12318.0 4.596e-06
12320.0 4.461e-06
12322.0 4.381e-06
12324.0 4.366e-06
12326.0 4.414e-06
12328.0 4.514e-06
12330.0 4.642e-06
12332.0 4.766e-06
12334.0 4.863e-06
12336.0 4.918e-06
12338.0 4.933e-06
12340.0 4.931e-06
12342.0 4.941e-06
12344.0 4.991e-06
12346.0 5.094e-06
12348.0 5.238e-06
12350.0 5.393e-06
12352.0 5.515e-06
12354.0 5.565e-06
12356.0 5.522e-06
12358.0 5.384e-06
12360.0 5.176e-06
12362.0 4.936e-06
12364.0 4.705e-06
12366.0 4.523e-06
12368.0 4.417e-06
12370.0 4.4e-06
12372.0 4.466e-06
12374.0 4.596e-06
12376.0 4.757e-06
12378.0 4.914e-06
12380.0 5.037e-06
12382.0 5.109e-06
12384.0 5.134e-06
12386.0 5.132e-06
12388.0 5.133e-06
12390.0 5.166e-06
12392.0 5.245e-06
12394.0 5.364e-06
12396.0 5.504e-06
12398.0 5.638e-06
12400.0 5.744e-06
12402.0 5.809e-06
12404.0 5.835e-06
12406.0 5.829e-06
12408.0 5.8e-06
12410.0 5.751e-06
12412.0 5.68e-06
12414.0 5.583e-06
12416.0 5.459e-06
12418.0 5.311e-06
12420.0 5.15e-06
12422.0 4.99e-06
12424.0 4.849e-06
12426.0 4.739e-06
12428.0 4.67e-06
12430.0 4.649e-06
12432.0 4.674e-06
12434.0 4.739e-06
12436.0 4.833e-06
12438.0 4.944e-06
12440.0 5.058e-06
12442.0 5.164e-06
12444.0 5.253e-06
12446.0 5.321e-06
12448.0 5.361e-06
12450.0 5.367e-06
12452.0 5.334e-06
12454.0 5.261e-06
12456.0 5.154e-06
12458.0 5.026e-06
12460.0 4.898e-06
12462.0 4.791e-06
12464.0 4.718e-06
12466.0 4.687e-06
12468.0 4.691e-06
12470.0 4.719e-06
12472.0 4.755e-06
12474.0 4.792e-06
12476.0 4.827e-06
12478.0 4.866e-06
12480.0 4.917e-06
12482.0 4.98e-06
12484.0 5.047e-06
12486.0 5.098e-06
12488.0 5.113e-06
12490.0 5.081e-06
12492.0 5.006e-06
12494.0 4.912e-06
12496.0 4.833e-06
12498.0 4.802e-06
12500.0 4.845e-06
12502.0 4.966e-06
12504.0 5.152e-06
12506.0 5.376e-06
12508.0 5.606e-06
12510.0 5.813e-06
12512.0 5.975e-06
12514.0 6.077e-06
12516.0 6.114e-06
12518.0 6.09e-06
12520.0 6.015e-06
12522.0 5.907e-06
12524.0 5.785e-06
12526.0 5.669e-06
12528.0 5.571e-06
12530.0 5.499e-06
12532.0 5.454e-06
12534.0 5.439e-06
12536.0 5.456e-06
12538.0 5.503e-06
12540.0 5.575e-06
12542.0 5.66e-06
12544.0 5.737e-06
12546.0 5.785e-06
12548.0 5.786e-06
12550.0 5.731e-06
12552.0 5.629e-06
12554.0 5.501e-06
12556.0 5.374e-06
12558.0 5.272e-06
12560.0 5.21e-06
12562.0 5.188e-06
12564.0 5.195e-06
12566.0 5.217e-06
12568.0 5.238e-06
12570.0 5.246e-06
12572.0 5.235e-06
12574.0 5.203e-06
12576.0 5.151e-06
12578.0 5.084e-06
12580.0 5.012e-06
12582.0 4.954e-06
12584.0 4.931e-06
12586.0 4.966e-06
12588.0 5.074e-06
12590.0 5.246e-06
12592.0 5.459e-06
12594.0 5.668e-06
12596.0 5.825e-06
12598.0 5.893e-06
12600.0 5.857e-06
12602.0 5.733e-06
12604.0 5.559e-06
12606.0 5.386e-06
12608.0 5.263e-06
12610.0 5.221e-06
12612.0 5.268e-06
12614.0 5.392e-06
12616.0 5.561e-06
12618.0 5.742e-06
12620.0 5.897e-06
12622.0 6e-06
12624.0 6.032e-06
12626.0 5.988e-06
12628.0 5.873e-06
12630.0 5.702e-06
12632.0 5.493e-06
12634.0 5.27e-06
12636.0 5.058e-06
12638.0 4.878e-06
12640.0 4.752e-06
12642.0 4.693e-06
12644.0 4.708e-06
12646.0 4.793e-06
12648.0 4.933e-06
12650.0 5.104e-06
12652.0 5.28e-06
12654.0 5.434e-06
12656.0 5.544e-06
12658.0 5.596e-06
12660.0 5.588e-06
12662.0 5.524e-06
12664.0 5.417e-06
12666.0 5.283e-06
12668.0 5.141e-06
12670.0 5.011e-06
12672.0 4.913e-06
12674.0 4.865e-06
12676.0 4.878e-06
12678.0 4.954e-06
12680.0 5.08e-06
12682.0 5.235e-06
12684.0 5.389e-06
12686.0 5.515e-06
12688.0 5.601e-06
12690.0 5.648e-06
12692.0 5.671e-06
12694.0 5.692e-06
12696.0 5.727e-06
12698.0 5.777e-06
12700.0 5.831e-06
12702.0 5.865e-06
12704.0 5.856e-06
12706.0 5.79e-06
12708.0 5.672e-06
12710.0 5.517e-06
12712.0 5.353e-06
12714.0 5.209e-06
12716.0 5.109e-06
12718.0 5.066e-06
12720.0 5.082e-06
12722.0 5.145e-06
12724.0 5.236e-06
12726.0 5.331e-06
12728.0 5.406e-06
12730.0 5.443e-06
12732.0 5.432e-06
12734.0 5.38e-06
12736.0 5.3e-06
12738.0 5.214e-06
12740.0 5.137e-06
12742.0 5.077e-06
12744.0 5.031e-06
12746.0 4.985e-06
12748.0 4.925e-06
12750.0 4.845e-06
12752.0 4.748e-06
12754.0 4.65e-06
12756.0 4.571e-06
12758.0 4.525e-06
12760.0 4.515e-06
12762.0 4.537e-06
12764.0 4.58e-06
12766.0 4.633e-06
12768.0 4.693e-06
12770.0 4.765e-06
12772.0 4.854e-06
12774.0 4.963e-06
12776.0 5.086e-06
12778.0 5.215e-06
12780.0 5.341e-06
12782.0 5.457e-06
12784.0 5.564e-06
12786.0 5.668e-06
12788.0 5.773e-06
12790.0 5.879e-06
12792.0 5.975e-06
12794.0 6.049e-06
12796.0 6.088e-06
12798.0 6.086e-06
12800.0 6.05e-06
12802.0 5.994e-06
12804.0 5.939e-06
12806.0 5.902e-06
12808.0 5.892e-06
12810.0 5.91e-06
12812.0 5.942e-06
12814.0 5.971e-06
12816.0 5.979e-06
12818.0 5.953e-06
12820.0 5.89e-06
12822.0 5.797e-06
12824.0 5.688e-06
12826.0 5.577e-06
12828.0 5.479e-06
12830.0 5.404e-06
12832.0 5.356e-06
12834.0 5.338e-06
12836.0 5.349e-06
12838.0 5.385e-06
12840.0 5.438e-06
12842.0 5.494e-06
12844.0 5.532e-06
12846.0 5.53e-06
12848.0 5.472e-06
12850.0 5.348e-06
12852.0 5.166e-06
12854.0 4.948e-06
12856.0 4.726e-06
12858.0 4.537e-06
12860.0 4.416e-06
12862.0 4.384e-06
12864.0 4.447e-06
12866.0 4.601e-06
12868.0 4.823e-06
12870.0 5.085e-06
12872.0 5.354e-06
12874.0 5.6e-06
12876.0 5.8e-06
12878.0 5.942e-06
12880.0 6.025e-06
12882.0 6.058e-06
12884.0 6.058e-06
12886.0 6.041e-06
12888.0 6.022e-06
12890.0 6.007e-06
12892.0 5.996e-06
12894.0 5.985e-06
12896.0 5.968e-06
12898.0 5.942e-06
12900.0 5.911e-06
12902.0 5.88e-06
12904.0 5.86e-06
12906.0 5.86e-06
12908.0 5.882e-06
12910.0 5.928e-06
12912.0 5.992e-06
12914.0 6.066e-06
12916.0 6.137e-06
12918.0 6.193e-06
12920.0 6.215e-06
12922.0 6.189e-06
12924.0 6.11e-06
12926.0 5.984e-06
12928.0 5.832e-06
12930.0 5.679e-06
12932.0 5.553e-06
12934.0 5.468e-06
12936.0 5.423e-06
12938.0 5.405e-06
12940.0 5.393e-06
12942.0 5.373e-06
12944.0 5.338e-06
12946.0 5.295e-06
12948.0 5.257e-06
12950.0 5.234e-06
12952.0 5.238e-06
12954.0 5.269e-06
12956.0 5.327e-06
12958.0 5.411e-06
12960.0 5.517e-06
12962.0 5.647e-06
12964.0 5.794e-06
12966.0 5.95e-06
12968.0 6.102e-06
12970.0 6.233e-06
12972.0 6.329e-06
12974.0 6.378e-06
12976.0 6.379e-06
12978.0 6.34e-06
12980.0 6.28e-06
12982.0 6.221e-06
12984.0 6.185e-06
12986.0 6.177e-06
12988.0 6.184e-06
12990.0 6.165e-06
12992.0 6.059e-06
12994.0 5.799e-06
12996.0 5.338e-06
12998.0 4.663e-06
13000.0 3.811e-06
13002.0 0.0
